Simulator log started at 2015-06-18 12:37:28 UTC
0.0009999275207519531: 0.0559,-0.0362,0.0,1
0.008000612258911133: 0.0559,0.0107,0.0,1
0.015001535415649414: 0.0559,0.0107,0.0,1
0.025002479553222656: 0.0559,0.0021,0.0,1
0.037003517150878906: 0.0559,-0.0107,0.0,1
0.04900479316711426: 0.0559,0.0107,0.0,1
0.05500531196594238: 0.0559,-0.0064,0.0,1
0.06500649452209473: 0.0559,-0.0149,0.0,1
0.07500743865966797: 0.0559,-0.0064,0.0,1
0.08600854873657227: 0.0559,-0.0021,0.0,1
0.09500932693481445: 0.0559,0.0021,0.0,1
0.1050105094909668: 0.0559,-0.0021,0.0,1
0.11501145362854004: 0.0559,-0.0064,0.0,1
0.12501239776611328: 0.0559,-0.0064,0.0,1
0.13501334190368652: 0.0559,-0.0021,0.0,1
0.14501452445983887: 0.0559,0.0021,0.0,1
0.15601563453674316: 0.0559,-0.0064,0.0,1
0.19201922416687012: 0.0559,-0.0064,0.0,1
0.19401931762695312: 0.0559,0.0021,0.0,1
0.1970195770263672: 0.0559,-0.0021,0.0,1
0.20202016830444336: 0.0559,-0.0021,0.0,1
0.21602153778076172: 0.0559,-0.0021,0.0,1
0.21602153778076172: 0.0559,-0.0021,0.0,1
0.2250223159790039: 0.0559,0.0021,0.0,1
0.23502349853515625: 0.0559,-0.0021,0.0,1
0.2580256462097168: 0.0559,-0.0064,0.0,1
0.264026403427124: 0.0559,-0.0064,0.0,1
0.27202701568603516: 0.0559,-0.0021,0.0,1
0.2930293083190918: 0.0559,-0.0107,0.0,1
0.2950294017791748: 0.0559,0.0021,0.0,1
0.31403136253356934: 0.0559,0.0021,0.0,1
0.3210320472717285: 0.0559,0.0021,0.0,1
0.3210320472717285: 0.0559,-0.0064,0.0,1
0.32503247261047363: 0.0559,-0.0021,0.0,1
0.3350334167480469: 0.0559,-0.0107,0.0,1
0.3450343608856201: 0.0559,0.0021,0.0,1
0.36003589630126953: 0.0559,0.0021,0.0,1
0.3740372657775879: 0.0559,-0.0107,0.0,1
0.37703752517700195: 0.0559,-0.0021,0.0,1
0.3960394859313965: 0.0559,0.0021,0.0,1
0.4070405960083008: 0.0559,0.0021,0.0,1
0.415041446685791: 0.0559,-0.0021,0.0,1
0.42704272270202637: 0.0559,-0.0064,0.0,1
0.42704272270202637: 0.0559,0.0021,0.0,1
0.4350433349609375: 0.0559,-0.0064,0.0,1
0.44504451751708984: 0.0559,-0.0064,0.0,1
0.46004581451416016: 0.0559,-0.0021,0.0,1
0.4700469970703125: 0.0559,-0.0107,0.0,1
0.4770476818084717: 0.0559,0.0021,0.0,1
0.4920492172241211: 0.0559,-0.0064,0.0,1
0.4990499019622803: 0.0559,0.0021,0.0,1
0.5100510120391846: 0.0559,-0.0021,0.0,1
0.5160515308380127: 0.0559,0.0064,0.0,1
0.5260524749755859: 0.0559,-0.0021,0.0,1
0.5450544357299805: 0.0559,-0.0064,0.0,1
0.5450544357299805: 0.0559,-0.0021,0.0,1
0.5540552139282227: 0.0559,-0.0064,0.0,1
0.565056324005127: 0.0559,-0.0064,0.0,1
0.5800578594207764: 0.0559,0.0064,0.0,1
0.5940592288970947: 0.0559,-0.0021,0.0,1
0.5980596542358398: 0.0559,-0.0064,0.0,1
0.6190617084503174: 0.0559,0.0021,0.0,1
0.6260626316070557: 0.0559,0.0064,0.0,1
0.640064001083374: 0.0559,-0.0021,0.0,1
0.6450643539428711: 0.0559,-0.0107,0.0,1
0.6450643539428711: 0.0559,-0.0021,0.0,1
0.6550655364990234: 0.0559,-0.0021,0.0,1
0.6650664806365967: 0.0559,-0.0064,0.0,1
0.6830682754516602: 0.0559,-0.0021,0.0,1
0.7000699043273926: 0.0559,-0.0107,0.0,1
0.7010700702667236: 0.0559,0.0064,0.0,1
0.7100708484649658: 0.0559,-0.0064,0.0,1
0.7200720310211182: 0.0559,0.0021,0.0,1
0.7310729026794434: 0.0559,-0.0064,0.0,1
0.7370736598968506: 0.0559,0.0064,0.0,1
0.7480747699737549: 0.0559,-0.0064,0.0,1
0.7550754547119141: 0.0559,0.0021,0.0,1
0.7650763988494873: 0.0559,-0.0064,0.0,1
0.7800779342651367: 0.0559,-0.0064,0.0,1
0.7940793037414551: 0.0559,-0.0021,0.0,1
0.7990798950195312: 0.0559,-0.0064,0.0,1
0.8110809326171875: 0.0559,-0.0021,0.0,1
0.8190817832946777: 0.0559,0.0021,0.0,1
0.8410840034484863: 0.0559,-0.0064,0.0,1
0.8420841693878174: 0.0559,0.0021,0.0,1
0.8520851135253906: 0.0559,-0.0107,0.0,1
0.8550853729248047: 0.0559,-0.0021,0.0,1
0.864086389541626: 0.0559,0.0021,0.0,1
0.8740873336791992: 0.0559,-0.0064,0.0,1
0.8890888690948486: 0.0559,-0.0021,0.0,1
0.9130911827087402: 0.0559,-0.0021,0.0,1
0.9210920333862305: 0.0559,-0.0064,0.0,1
0.9230921268463135: 0.0559,-0.0021,0.0,1
0.9290928840637207: 0.0559,-0.0107,0.0,1
0.9440944194793701: 0.0559,0.0021,0.0,1
0.9500949382781982: 0.0559,-0.0064,0.0,1
0.9590957164764404: 0.0559,0.0021,0.0,1
0.9650964736938477: 0.0559,-0.0021,0.0,1
0.9740972518920898: 0.0559,-0.0107,0.0,1
0.9870986938476562: 0.0559,-0.0021,0.0,1
1.0041003227233887: 0.0559,-0.0021,0.0,1
1.017101526260376: 0.0559,-0.0064,0.0,1
1.0281026363372803: 0.0559,0.0021,0.0,1
1.0321030616760254: 0.0559,-0.0064,0.0,1
1.0451045036315918: 0.0559,-0.0064,0.0,1
1.054105281829834: 0.0559,0.0064,0.0,1
1.0611059665679932: 0.0559,-0.0064,0.0,1
1.0651063919067383: 0.0559,0.0021,0.0,1
1.0741074085235596: 0.0559,-0.0021,0.0,1
1.0841083526611328: 0.0559,-0.0107,0.0,1
1.1121110916137695: 0.0559,-0.0021,0.0,1
1.1191117763519287: 0.0559,0.0064,0.0,1
1.1211121082305908: 0.0559,-0.0107,0.0,1
1.127112627029419: 0.0559,-0.0064,0.0,1
1.1461145877838135: 0.0559,0.0021,0.0,1
1.1571156978607178: 0.0559,0.0021,0.0,1
1.16611647605896: 0.0559,-0.0064,0.0,1
1.16611647605896: 0.0559,-0.0021,0.0,1
1.1741173267364502: 0.0559,-0.0064,0.0,1
1.1841182708740234: 0.0559,-0.0021,0.0,1
1.206120491027832: 0.0559,-0.0021,0.0,1
1.207120656967163: 0.0559,0.0021,0.0,1
1.2301228046417236: 0.0559,-0.0021,0.0,1
1.237123727798462: 0.0559,-0.0064,0.0,1
1.245124340057373: 0.0559,0.0021,0.0,1
1.246124505996704: 0.0559,0.0064,0.0,1
1.2721271514892578: 0.0559,-0.0064,0.0,1
1.2721271514892578: 0.0559,-0.0064,0.0,1
1.2741272449493408: 0.0559,0.0064,0.0,1
1.2841284275054932: 0.0559,-0.0064,0.0,1
1.2941293716430664: 0.0559,0.0021,0.0,1
1.3241322040557861: 0.0559,-0.0064,0.0,1
1.3281326293945312: 0.0559,-0.0064,0.0,1
1.3361334800720215: 0.0559,-0.0064,0.0,1
1.3431341648101807: 0.0559,-0.0064,0.0,1
1.352135181427002: 0.0559,0.0064,0.0,1
1.3601360321044922: 0.0559,-0.0021,0.0,1
1.3691368103027344: 0.0559,-0.0021,0.0,1
1.3771376609802246: 0.0559,-0.0064,0.0,1
1.3841383457183838: 0.0559,-0.0021,0.0,1
1.394139289855957: 0.0559,-0.0021,0.0,1
1.4041402339935303: 0.0559,-0.0021,0.0,1
1.425142526626587: 0.0559,0.0064,0.0,1
1.4261424541473389: 0.0559,-0.0021,0.0,1
1.4461445808410645: 0.0559,-0.0021,0.0,1
1.4501450061798096: 0.0559,-0.0021,0.0,1
1.464146375656128: 0.0559,0.0021,0.0,1
1.4751474857330322: 0.0559,-0.0021,0.0,1
1.4771475791931152: 0.0559,0.0021,0.0,1
1.4841482639312744: 0.0559,-0.0021,0.0,1
1.4941492080688477: 0.0559,0.0021,0.0,1
1.5171515941619873: 0.0559,-0.0107,0.0,1
1.5311529636383057: 0.0559,0.0021,0.0,1
1.54215407371521: 0.0559,-0.0021,0.0,1
1.546154499053955: 0.0559,-0.0021,0.0,1
1.5551555156707764: 0.0559,0.0064,0.0,1
1.5551555156707764: 0.0559,-0.0149,0.0,1
1.5651564598083496: 0.0559,0.0021,0.0,1
1.5921590328216553: 0.0559,-0.0107,0.0,1
1.5921590328216553: 0.0559,-0.0021,0.0,1
1.5941593647003174: 0.0559,-0.0021,0.0,1
1.6041603088378906: 0.0559,-0.0021,0.0,1
1.6141612529754639: 0.0559,-0.0021,0.0,1
1.6281626224517822: 0.0559,0.0021,0.0,1
1.6511650085449219: 0.0559,0.0064,0.0,1
1.6531651020050049: 0.0559,-0.0064,0.0,1
1.6651663780212402: 0.0559,-0.0064,0.0,1
1.6741673946380615: 0.0559,-0.0021,0.0,1
1.6781678199768066: 0.0559,-0.0107,0.0,1
1.695169448852539: 0.0559,0.0064,0.0,1
1.695169448852539: 0.0559,-0.0064,0.0,1
1.7041702270507812: 0.0559,-0.0021,0.0,1
1.7141714096069336: 0.0559,0.0064,0.0,1
1.728172779083252: 0.0559,0.0021,0.0,1
1.7371735572814941: 0.0559,-0.0064,0.0,1
1.7601759433746338: 0.0559,0.0021,0.0,1
1.764176368713379: 0.0559,-0.0021,0.0,1
1.767176628112793: 0.0559,-0.0149,0.0,1
1.7751774787902832: 0.0559,0.0192,0.0,1
1.809180736541748: 0.0559,-0.0235,0.0,1
1.809180736541748: 0.0559,0.0192,0.0,1
1.809180736541748: 0.0559,-0.032,0.0,1
1.8141813278198242: 0.0559,0.0149,0.0,1
1.8241822719573975: 0.0559,-0.0064,0.0,1
1.840183973312378: 0.0559,0.0021,0.0,1
1.8581857681274414: 0.0559,-0.0064,0.0,1
1.8581857681274414: 0.0559,0.0021,0.0,1
1.882188081741333: 0.0559,-0.0107,0.0,1
1.8981897830963135: 0.0559,0.0021,0.0,1
1.9101908206939697: 0.0559,-0.0107,0.0,1
1.9101908206939697: 0.0559,-0.0021,0.0,1
1.9101908206939697: 0.0559,0.0064,0.0,1
1.9141912460327148: 0.0559,-0.0021,0.0,1
1.9241924285888672: 0.0559,-0.0107,0.0,1
1.9341933727264404: 0.0559,-0.0021,0.0,1
1.9491949081420898: 0.0559,0.0021,0.0,1
1.9601960182189941: 0.0559,-0.0021,0.0,1
1.9711971282958984: 0.0559,0.0021,0.0,1
1.9781978130340576: 0.0559,0.0021,0.0,1
2.0122010707855225: 0.0559,-0.0107,0.0,1
2.0122010707855225: 0.0559,0.0149,0.0,1
2.0122010707855225: 0.0559,-0.0021,0.0,1
2.0142014026641846: 0.0559,-0.0021,0.0,1
2.024202346801758: 0.0559,-0.0107,0.0,1
2.034203290939331: 0.0559,-0.0021,0.0,1
2.0472047328948975: 0.0559,-0.0021,0.0,1
2.0602059364318848: 0.0559,0.0021,0.0,1
2.077207565307617: 0.0559,-0.0107,0.0,1
2.0902090072631836: 0.0559,-0.0064,0.0,1
2.101210117340088: 0.0559,0.0021,0.0,1
2.101210117340088: 0.0559,-0.0107,0.0,1
2.114211320877075: 0.0559,0.0021,0.0,1
2.114211320877075: 0.0559,-0.0021,0.0,1
2.1242122650146484: 0.0559,0.0021,0.0,1
2.1342132091522217: 0.0559,-0.0064,0.0,1
2.1652164459228516: 0.0559,0.0064,0.0,1
2.1692168712615967: 0.0559,0.0021,0.0,1
2.1712169647216797: 0.0559,-0.0021,0.0,1
2.181217908859253: 0.0559,-0.0021,0.0,1
2.1972196102142334: 0.0559,0.0021,0.0,1
2.2072205543518066: 0.0559,-0.0021,0.0,1
2.2112209796905518: 0.0559,0.0064,0.0,1
2.223222255706787: 0.0559,-0.0021,0.0,1
2.224222421646118: 0.0559,-0.0064,0.0,1
2.2342233657836914: 0.0559,0.0021,0.0,1
2.2442243099212646: 0.0559,0.0021,0.0,1
2.263226270675659: 0.0559,-0.0021,0.0,1
2.265226364135742: 0.0559,-0.0021,0.0,1
2.2832281589508057: 0.0559,-0.0021,0.0,1
2.300230026245117: 0.0559,-0.0064,0.0,1
2.3022301197052: 0.0559,-0.0021,0.0,1
2.327232599258423: 0.0559,-0.0064,0.0,1
2.327232599258423: 0.0559,0.0064,0.0,1
2.327232599258423: 0.0559,0.0021,0.0,1
2.334233283996582: 0.0559,-0.0149,0.0,1
2.3442342281341553: 0.0559,-0.0021,0.0,1
2.361236095428467: 0.0559,0.0021,0.0,1
2.373237133026123: 0.0559,-0.0021,0.0,1
2.3792378902435303: 0.0559,-0.0021,0.0,1
2.3882386684417725: 0.0559,0.0021,0.0,1
2.411241054534912: 0.0559,-0.0064,0.0,1
2.4252424240112305: 0.0559,-0.0064,0.0,1
2.4252424240112305: 0.0559,-0.0021,0.0,1
2.4262425899505615: 0.0559,0.0021,0.0,1
2.44824481010437: 0.0559,-0.0021,0.0,1
2.44824481010437: 0.0559,-0.0021,0.0,1
2.4542453289031982: 0.0559,-0.0021,0.0,1
2.4642462730407715: 0.0559,-0.0021,0.0,1
2.479247808456421: 0.0559,-0.0064,0.0,1
2.488248825073242: 0.0559,-0.0021,0.0,1
2.5062506198883057: 0.0559,-0.0021,0.0,1
2.5062506198883057: 0.0559,-0.0149,0.0,1
2.521251916885376: 0.0559,-0.0021,0.0,1
2.5432541370391846: 0.0559,0.0021,0.0,1
2.5462546348571777: 0.0559,-0.0021,0.0,1
2.5482547283172607: 0.0559,0.0021,0.0,1
2.554255247116089: 0.0559,0.0021,0.0,1
2.565256357192993: 0.0559,-0.0064,0.0,1
2.596259593963623: 0.0559,-0.0021,0.0,1
2.6052603721618652: 0.0559,-0.0021,0.0,1
2.6102609634399414: 0.0559,0.0064,0.0,1
2.6122610569000244: 0.0559,-0.0021,0.0,1
2.627262592315674: 0.0559,-0.0021,0.0,1
2.628262758255005: 0.0559,0.0021,0.0,1
2.6472647190093994: 0.0559,-0.0021,0.0,1
2.6592657566070557: 0.0559,-0.0021,0.0,1
2.6592657566070557: 0.0559,-0.0107,0.0,1
2.664266347885132: 0.0559,0.0064,0.0,1
2.674267292022705: 0.0559,-0.0107,0.0,1
2.700269937515259: 0.0559,0.0192,0.0,1
2.707270622253418: 0.0559,-0.0235,0.0,1
2.708270788192749: 0.0559,0.0192,0.0,1
2.7182717323303223: 0.0559,-0.0192,0.0,1
2.7352733612060547: 0.0559,0.0107,0.0,1
2.741274118423462: 0.0559,-0.0107,0.0,1
2.750274896621704: 0.0559,-0.0107,0.0,1
2.7602758407592773: 0.0559,0.0149,0.0,1
2.7642762660980225: 0.0559,0.0021,0.0,1
2.7742772102355957: 0.0559,-0.0149,0.0,1
2.784278392791748: 0.0559,0.0234,0.0,1
2.8052804470062256: 0.0559,-0.0192,0.0,1
2.823282241821289: 0.0559,0.0192,0.0,1
2.826282501220703: 0.0559,-0.0107,0.0,1
2.827282667160034: 0.0559,0.0107,0.0,1
2.8442842960357666: 0.0559,-0.0192,0.0,1
2.8492848873138428: 0.0559,0.0192,0.0,1
2.86228609085083: 0.0559,-0.0277,0.0,1
2.864286422729492: 0.0559,0.0149,0.0,1
2.8742873668670654: 0.0559,-0.0235,0.0,1
2.8842883110046387: 0.0559,0.0064,0.0,1
2.896289587020874: 0.0559,-0.0021,0.0,1
2.9112911224365234: 0.0559,-0.0021,0.0,1
2.9162914752960205: 0.0559,0.0021,0.0,1
2.928292751312256: 0.0559,-0.0107,0.0,1
2.937293529510498: 0.0559,0.0021,0.0,1
2.9462945461273193: 0.0559,-0.0064,0.0,1
2.9562954902648926: 0.0559,-0.0021,0.0,1
2.966296434402466: 0.0559,-0.0107,0.0,1
2.974297285079956: 0.0559,0.0021,0.0,1
2.9842982292175293: 0.0559,0.0021,0.0,1
2.9952993392944336: 0.0559,0.0064,0.0,1
3.005300521850586: 0.0559,-0.0021,0.0,1
3.0193018913269043: 0.0559,-0.0021,0.0,1
3.0273025035858154: 0.0559,-0.0064,0.0,1
3.0353033542633057: 0.0559,-0.0064,0.0,1
3.045304536819458: 0.0559,-0.0064,0.0,1
3.056305408477783: 0.0559,0.0064,0.0,1
3.0653064250946045: 0.0559,0.0021,0.0,1
3.0753073692321777: 0.0559,0.0021,0.0,1
3.085308313369751: 0.0559,-0.0064,0.0,1
3.0943093299865723: 0.0559,0.0021,0.0,1
3.1053104400634766: 0.0559,-0.0107,0.0,1
3.11531138420105: 0.0559,0.0021,0.0,1
3.126312494277954: 0.0559,-0.0021,0.0,1
3.1363134384155273: 0.0559,-0.0021,0.0,1
3.157315731048584: 0.0559,-0.0021,0.0,1
3.165316343307495: 0.0559,-0.0064,0.0,1
3.1793177127838135: 0.0559,-0.0021,0.0,1
3.1793177127838135: 0.0559,-0.0021,0.0,1
3.1843183040618896: 0.0559,-0.0064,0.0,1
3.194319248199463: 0.0559,-0.0064,0.0,1
3.2063205242156982: 0.0559,0.0107,0.0,1
3.227322578430176: 0.0559,-0.0064,0.0,1
3.231323003768921: 0.0559,0.0021,0.0,1
3.241323947906494: 0.0559,-0.0064,0.0,1
3.2583258152008057: 0.0559,-0.0107,0.0,1
3.268326759338379: 0.0559,0.0021,0.0,1
3.272327184677124: 0.0559,-0.0021,0.0,1
3.278327703475952: 0.0559,0.0064,0.0,1
3.2923290729522705: 0.0559,-0.0107,0.0,1
3.2943294048309326: 0.0559,0.0064,0.0,1
3.304330348968506: 0.0559,0.0064,0.0,1
3.314331293106079: 0.0559,-0.0107,0.0,1
3.346334457397461: 0.0559,0.0021,0.0,1
3.3593358993530273: 0.0559,0.0064,0.0,1
3.3663365840911865: 0.0559,-0.0107,0.0,1
3.3763375282287598: 0.0559,-0.0021,0.0,1
3.388338804244995: 0.0559,-0.0021,0.0,1
3.391339063644409: 0.0559,-0.0064,0.0,1
3.4003398418426514: 0.0559,-0.0021,0.0,1
3.4003398418426514: 0.0559,0.0021,0.0,1
3.4043402671813965: 0.0559,-0.0064,0.0,1
3.4143412113189697: 0.0559,-0.0021,0.0,1
3.424342393875122: 0.0559,-0.0064,0.0,1
3.4413440227508545: 0.0559,0.0064,0.0,1
3.450345039367676: 0.0559,-0.0021,0.0,1
3.460345983505249: 0.0559,-0.0021,0.0,1
3.4683468341827393: 0.0559,0.0021,0.0,1
3.4813480377197266: 0.0559,-0.0064,0.0,1
3.493349313735962: 0.0559,-0.0064,0.0,1
3.5103509426116943: 0.0559,-0.0021,0.0,1
3.5113511085510254: 0.0559,0.0021,0.0,1
3.5143513679504395: 0.0559,0.0021,0.0,1
3.5243523120880127: 0.0559,-0.0021,0.0,1
3.534353256225586: 0.0559,-0.0021,0.0,1
3.5553553104400635: 0.0559,-0.0021,0.0,1
3.5583558082580566: 0.0559,-0.0107,0.0,1
3.56835675239563: 0.0559,-0.0021,0.0,1
3.603360176086426: 0.0559,-0.0021,0.0,1
3.60636043548584: 0.0559,0.0021,0.0,1
3.610360860824585: 0.0559,-0.0021,0.0,1
3.610360860824585: 0.0559,-0.0064,0.0,1
3.61436128616333: 0.0559,-0.0021,0.0,1
3.6243622303009033: 0.0559,-0.0064,0.0,1
3.6343634128570557: 0.0559,0.0021,0.0,1
3.64536452293396: 0.0559,-0.0021,0.0,1
3.6563656330108643: 0.0559,0.0064,0.0,1
3.6763675212860107: 0.0559,0.0021,0.0,1
3.685368537902832: 0.0559,0.0021,0.0,1
3.6963694095611572: 0.0559,-0.0064,0.0,1
3.6983697414398193: 0.0559,-0.0021,0.0,1
3.7153713703155518: 0.0559,-0.0021,0.0,1
3.7153713703155518: 0.0559,0.0021,0.0,1
3.724372386932373: 0.0559,0.0021,0.0,1
3.7343733310699463: 0.0559,-0.0107,0.0,1
3.7513749599456787: 0.0559,-0.0021,0.0,1
3.7603759765625: 0.0559,-0.0064,0.0,1
3.765376329421997: 0.0559,-0.0021,0.0,1
3.7823781967163086: 0.0559,-0.0021,0.0,1
3.793379306793213: 0.0559,0.0021,0.0,1
3.799379825592041: 0.0559,0.0021,0.0,1
3.8063805103302: 0.0559,-0.0064,0.0,1
3.831382989883423: 0.0559,0.0021,0.0,1
3.832383155822754: 0.0559,0.0064,0.0,1
3.834383249282837: 0.0559,-0.0021,0.0,1
3.8443844318389893: 0.0559,-0.0064,0.0,1
3.8543853759765625: 0.0559,-0.0107,0.0,1
3.874387264251709: 0.0559,-0.0064,0.0,1
3.8873887062072754: 0.0559,0.0021,0.0,1
3.8903889656066895: 0.0559,-0.0107,0.0,1
3.907390594482422: 0.0559,0.0021,0.0,1
3.9193918704986572: 0.0559,-0.0064,0.0,1
3.9263925552368164: 0.0559,0.0021,0.0,1
3.9293928146362305: 0.0559,-0.0064,0.0,1
3.9613959789276123: 0.0559,-0.0064,0.0,1
3.9613959789276123: 0.0559,-0.0107,0.0,1
3.9613959789276123: 0.0559,0.0064,0.0,1
3.9643962383270264: 0.0559,-0.0064,0.0,1
3.9743974208831787: 0.0559,-0.0064,0.0,1
3.984398365020752: 0.0559,-0.0021,0.0,1
3.9993999004364014: 0.0559,0.0021,0.0,1
4.012401103973389: 0.0559,-0.0064,0.0,1
4.024402379989624: 0.0559,-0.0021,0.0,1
4.027402639389038: 0.0559,-0.0064,0.0,1
4.049404859542847: 0.0559,-0.0149,0.0,1
4.050405025482178: 0.0559,0.0021,0.0,1
4.063406229019165: 0.0559,0.0021,0.0,1
4.064406394958496: 0.0559,-0.0021,0.0,1
4.074407339096069: 0.0559,-0.0064,0.0,1
4.084408283233643: 0.0559,0.0021,0.0,1
4.102410078048706: 0.0559,-0.0107,0.0,1
4.121412038803101: 0.0559,-0.0021,0.0,1
4.12841272354126: 0.0559,-0.0021,0.0,1
4.130412817001343: 0.0559,-0.0064,0.0,1
4.146414518356323: 0.0559,0.0021,0.0,1
4.160415887832642: 0.0559,0.0021,0.0,1
4.16641640663147: 0.0559,-0.0064,0.0,1
4.16641640663147: 0.0559,0.0021,0.0,1
4.17441725730896: 0.0559,-0.0107,0.0,1
4.184418439865112: 0.0559,0.0107,0.0,1
4.200419902801514: 0.0559,-0.0021,0.0,1
4.210420846939087: 0.0559,-0.0064,0.0,1
4.22842264175415: 0.0559,-0.0021,0.0,1
4.233423233032227: 0.0559,-0.0064,0.0,1
4.252425193786621: 0.0559,-0.0064,0.0,1
4.260425806045532: 0.0559,0.0021,0.0,1
4.261425971984863: 0.0559,-0.0064,0.0,1
4.280427932739258: 0.0559,-0.0021,0.0,1
4.280427932739258: 0.0559,-0.0064,0.0,1
4.284428358078003: 0.0559,0.0021,0.0,1
4.294429302215576: 0.0559,-0.0021,0.0,1
4.304430246353149: 0.0559,-0.0107,0.0,1
4.315431356430054: 0.0559,-0.0021,0.0,1
4.32843279838562: 0.0559,-0.0021,0.0,1
4.3434343338012695: 0.0559,-0.0107,0.0,1
4.354435205459595: 0.0559,-0.0021,0.0,1
4.359435796737671: 0.0559,-0.0064,0.0,1
4.37443733215332: 0.0559,-0.0021,0.0,1
4.395439386367798: 0.0559,-0.0064,0.0,1
4.395439386367798: 0.0559,-0.0021,0.0,1
4.395439386367798: 0.0559,-0.0021,0.0,1
4.404440402984619: 0.0559,0.0021,0.0,1
4.414441347122192: 0.0559,-0.0021,0.0,1
4.430442810058594: 0.0559,-0.0064,0.0,1
4.437443733215332: 0.0559,-0.0021,0.0,1
4.4544453620910645: 0.0559,0.0021,0.0,1
4.4564454555511475: 0.0559,-0.0064,0.0,1
4.480448007583618: 0.0559,-0.0064,0.0,1
4.484448432922363: 0.0559,0.0021,0.0,1
4.486448526382446: 0.0559,-0.0064,0.0,1
4.498449802398682: 0.0559,-0.0021,0.0,1
4.50445032119751: 0.0559,0.0021,0.0,1
4.514451265335083: 0.0559,-0.0107,0.0,1
4.5354533195495605: 0.0559,-0.0021,0.0,1
4.538453817367554: 0.0559,-0.0064,0.0,1
4.546454429626465: 0.0559,-0.0021,0.0,1
4.555455446243286: 0.0559,-0.0064,0.0,1
4.565456390380859: 0.0559,-0.0064,0.0,1
4.577457666397095: 0.0559,-0.0021,0.0,1
4.597459554672241: 0.0559,0.0021,0.0,1
4.6064605712890625: 0.0559,-0.0064,0.0,1
4.6064605712890625: 0.0559,0.0021,0.0,1
4.614461421966553: 0.0559,-0.0021,0.0,1
4.624462366104126: 0.0559,0.0021,0.0,1
4.6454644203186035: 0.0559,0.0021,0.0,1
4.6474645137786865: 0.0559,-0.0064,0.0,1
4.656465530395508: 0.0559,0.0021,0.0,1
4.689468860626221: 0.0559,-0.0021,0.0,1
4.697469711303711: 0.0559,-0.0021,0.0,1
4.697469711303711: 0.0559,-0.0021,0.0,1
4.698469638824463: 0.0559,0.0064,0.0,1
4.730472803115845: 0.0559,-0.0021,0.0,1
4.730472803115845: 0.0559,-0.0064,0.0,1
4.730472803115845: 0.0559,-0.0064,0.0,1
4.73447322845459: 0.0559,0.0107,0.0,1
4.744474411010742: 0.0559,-0.0064,0.0,1
4.754475355148315: 0.0559,-0.0107,0.0,1
4.772477149963379: 0.0559,-0.0021,0.0,1
4.777477502822876: 0.0559,0.0021,0.0,1
4.799479722976685: 0.0559,-0.0021,0.0,1
4.805480480194092: 0.0559,0.0021,0.0,1
4.818481683731079: 0.0559,-0.0021,0.0,1
4.821481943130493: 0.0559,-0.0064,0.0,1
4.839483737945557: 0.0559,0.0021,0.0,1
4.839483737945557: 0.0559,-0.0021,0.0,1
4.844484329223633: 0.0559,-0.0064,0.0,1
4.854485273361206: 0.0559,-0.0064,0.0,1
4.876487493515015: 0.0559,0.0021,0.0,1
4.877487659454346: 0.0559,-0.0064,0.0,1
4.89648962020874: 0.0559,-0.0021,0.0,1
4.899489879608154: 0.0559,-0.0021,0.0,1
4.914491415023804: 0.0559,-0.0021,0.0,1
4.915491342544556: 0.0559,-0.0021,0.0,1
4.936493635177612: 0.0559,0.0021,0.0,1
4.940493822097778: 0.0559,-0.0064,0.0,1
4.944494247436523: 0.0559,-0.0021,0.0,1
4.954495429992676: 0.0559,0.0021,0.0,1
4.964496374130249: 0.0559,-0.0021,0.0,1
4.9814980030059814: 0.0559,0.0064,0.0,1
4.999499797821045: 0.0559,-0.0064,0.0,1
5.012501239776611: 0.0559,0.0021,0.0,1
5.0195019245147705: 0.0559,0.0021,0.0,1
5.0215020179748535: 0.0559,-0.0149,0.0,1
5.029502868652344: 0.0559,-0.0064,0.0,1
5.043504238128662: 0.0559,0.0064,0.0,1
5.044504404067993: 0.0559,0.0021,0.0,1
5.054505348205566: 0.0559,-0.0021,0.0,1
5.06450629234314: 0.0559,-0.0064,0.0,1
5.081507921218872: 0.0559,-0.0021,0.0,1
5.091509103775024: 0.0559,0.0021,0.0,1
5.100509881973267: 0.0559,0.0064,0.0,1
5.109510898590088: 0.0559,-0.0021,0.0,1
5.125512361526489: 0.0559,-0.0064,0.0,1
5.1335132122039795: 0.0559,-0.0021,0.0,1
5.14151406288147: 0.0559,-0.0021,0.0,1
5.146514415740967: 0.0559,-0.0021,0.0,1
5.154515266418457: 0.0559,0.0064,0.0,1
5.16451621055603: 0.0559,0.0021,0.0,1
5.181518077850342: 0.0559,0.0021,0.0,1
5.196519613265991: 0.0559,-0.0021,0.0,1
5.2065205574035645: 0.0559,-0.0107,0.0,1
5.214521408081055: 0.0559,0.0064,0.0,1
5.215521335601807: 0.0559,-0.0021,0.0,1
5.2465245723724365: 0.0559,-0.0107,0.0,1
5.2465245723724365: 0.0559,-0.0021,0.0,1
5.2465245723724365: 0.0559,-0.0021,0.0,1
5.254525423049927: 0.0559,-0.0107,0.0,1
5.2645263671875: 0.0559,0.0021,0.0,1
5.278527736663818: 0.0559,-0.0021,0.0,1
5.303530216217041: 0.0559,0.0064,0.0,1
5.3105309009552: 0.0559,0.0021,0.0,1
5.3225321769714355: 0.0559,0.0021,0.0,1
5.3225321769714355: 0.0559,0.0021,0.0,1
5.329532861709595: 0.0559,-0.0021,0.0,1
5.343534231185913: 0.0559,-0.0107,0.0,1
5.3565354347229: 0.0559,-0.0021,0.0,1
5.3565354347229: 0.0559,0.0021,0.0,1
5.364536285400391: 0.0559,-0.0107,0.0,1
5.374537229537964: 0.0559,0.0064,0.0,1
5.410540819168091: 0.0559,0.0021,0.0,1
5.410540819168091: 0.0559,0.0021,0.0,1
5.41754150390625: 0.0559,-0.0064,0.0,1
5.424542427062988: 0.0559,0.0064,0.0,1
5.426542520523071: 0.0559,0.0021,0.0,1
5.450544834136963: 0.0559,-0.0064,0.0,1
5.451545000076294: 0.0559,0.0021,0.0,1
5.460546016693115: 0.0559,0.0021,0.0,1
5.464546203613281: 0.0559,-0.0064,0.0,1
5.474547386169434: 0.0559,-0.0021,0.0,1
5.484548330307007: 0.0559,0.0021,0.0,1
5.504550218582153: 0.0559,-0.0021,0.0,1
5.505550384521484: 0.0559,0.0021,0.0,1
5.527552604675293: 0.0559,-0.0064,0.0,1
5.535553455352783: 0.0559,0.0021,0.0,1
5.542554140090942: 0.0559,0.0064,0.0,1
5.549554824829102: 0.0559,-0.0107,0.0,1
5.55555534362793: 0.0559,-0.0064,0.0,1
5.566556453704834: 0.0559,0.0021,0.0,1
5.574557304382324: 0.0559,0.0021,0.0,1
5.5845582485198975: 0.0559,-0.0021,0.0,1
5.611561059951782: 0.0559,-0.0107,0.0,1
5.6245622634887695: 0.0559,-0.0021,0.0,1
5.625562429428101: 0.0559,-0.0021,0.0,1
5.627562522888184: 0.0559,0.0021,0.0,1
5.645564317703247: 0.0559,-0.0021,0.0,1
5.657565593719482: 0.0559,-0.0064,0.0,1
5.6605658531188965: 0.0559,-0.0021,0.0,1
5.665566444396973: 0.0559,0.0021,0.0,1
5.689568758010864: 0.0559,-0.0107,0.0,1
5.689568758010864: 0.0559,0.0021,0.0,1
5.69456934928894: 0.0559,0.0021,0.0,1
5.704570293426514: 0.0559,-0.0107,0.0,1
5.726572513580322: 0.0559,0.0021,0.0,1
5.7335731983184814: 0.0559,-0.0107,0.0,1
5.746574640274048: 0.0559,0.0021,0.0,1
5.757575511932373: 0.0559,0.0021,0.0,1
5.760576009750366: 0.0559,0.0021,0.0,1
5.767576694488525: 0.0559,0.0021,0.0,1
5.787578582763672: 0.0559,-0.0064,0.0,1
5.787578582763672: 0.0559,-0.0021,0.0,1
5.806580543518066: 0.0559,0.0064,0.0,1
5.806580543518066: 0.0559,-0.0149,0.0,1
5.814581394195557: 0.0559,0.0021,0.0,1
5.82458233833313: 0.0559,-0.0021,0.0,1
5.839583873748779: 0.0559,-0.0021,0.0,1
5.861586093902588: 0.0559,0.0021,0.0,1
5.868586778640747: 0.0559,-0.0107,0.0,1
5.87058687210083: 0.0559,0.0021,0.0,1
5.877587556838989: 0.0559,-0.0021,0.0,1
5.8865885734558105: 0.0559,-0.0064,0.0,1
5.909590721130371: 0.0559,0.0107,0.0,1
5.910590887069702: 0.0559,-0.0021,0.0,1
5.914591312408447: 0.0559,-0.0107,0.0,1
5.9245922565460205: 0.0559,0.0021,0.0,1
5.934593439102173: 0.0559,0.0107,0.0,1
5.950594902038574: 0.0559,-0.0064,0.0,1
5.956595420837402: 0.0559,0.0021,0.0,1
5.972597122192383: 0.0559,-0.0064,0.0,1
5.976597547531128: 0.0559,0.0021,0.0,1
5.990598917007446: 0.0559,-0.0021,0.0,1
5.996599435806274: 0.0559,-0.0021,0.0,1
6.005600452423096: 0.0559,-0.0021,0.0,1
6.022602081298828: 0.0559,-0.0064,0.0,1
6.02460241317749: 0.0559,-0.0064,0.0,1
6.0346033573150635: 0.0559,-0.0107,0.0,1
6.044604301452637: 0.0559,0.0021,0.0,1
6.064606428146362: 0.0559,0.0021,0.0,1
6.066606521606445: 0.0559,-0.0064,0.0,1
6.0746073722839355: 0.0559,0.0021,0.0,1
6.08560848236084: 0.0559,0.0021,0.0,1
6.100610017776489: 0.0559,-0.0064,0.0,1
6.105610370635986: 0.0559,-0.0021,0.0,1
6.11561131477356: 0.0559,-0.0021,0.0,1
6.127612590789795: 0.0559,-0.0064,0.0,1
6.134613275527954: 0.0559,-0.0064,0.0,1
6.144614219665527: 0.0559,-0.0064,0.0,1
6.169616937637329: 0.0559,-0.0107,0.0,1
6.1856184005737305: 0.0559,-0.0021,0.0,1
6.197619676589966: 0.0559,-0.0064,0.0,1
6.2256224155426025: 0.0559,-0.0064,0.0,1
6.234623432159424: 0.0559,0.0021,0.0,1
6.234623432159424: 0.0559,0.0021,0.0,1
6.234623432159424: 0.0559,-0.0064,0.0,1
6.235623359680176: 0.0559,-0.0064,0.0,1
6.235623359680176: 0.0559,0.0021,0.0,1
6.244624376296997: 0.0559,0.0021,0.0,1
6.25462532043457: 0.0559,0.0021,0.0,1
6.274627208709717: 0.0559,0.0021,0.0,1
6.290628910064697: 0.0559,-0.0021,0.0,1
6.293629169464111: 0.0559,0.0021,0.0,1
6.306630611419678: 0.0559,-0.0064,0.0,1
6.314631223678589: 0.0559,-0.0021,0.0,1
6.32363224029541: 0.0559,0.0021,0.0,1
6.343634128570557: 0.0559,0.0064,0.0,1
6.343634128570557: 0.0559,0.0021,0.0,1
6.344634294509888: 0.0559,-0.0021,0.0,1
6.354635238647461: 0.0559,-0.0021,0.0,1
6.364636421203613: 0.0559,-0.0021,0.0,1
6.385638475418091: 0.0559,0.0107,0.0,1
6.395639419555664: 0.0559,-0.0021,0.0,1
6.403640270233154: 0.0559,0.0107,0.0,1
6.407640695571899: 0.0559,-0.0064,0.0,1
6.429642915725708: 0.0559,0.0021,0.0,1
6.436643600463867: 0.0559,-0.0021,0.0,1
6.442644119262695: 0.0559,-0.0021,0.0,1
6.460645914077759: 0.0559,0.0021,0.0,1
6.460645914077759: 0.0559,-0.0021,0.0,1
6.464646339416504: 0.0559,0.0021,0.0,1
6.474647283554077: 0.0559,-0.0021,0.0,1
6.48464822769165: 0.0559,-0.0064,0.0,1
6.516651630401611: 0.0559,0.0021,0.0,1
6.521651983261108: 0.0559,-0.0064,0.0,1
6.526652574539185: 0.0559,-0.0064,0.0,1
6.541654109954834: 0.0559,0.0021,0.0,1
6.543654203414917: 0.0559,-0.0021,0.0,1
6.554655313491821: 0.0559,0.0021,0.0,1
6.555655479431152: 0.0559,0.0021,0.0,1
6.571656942367554: 0.0559,-0.0021,0.0,1
6.574657440185547: 0.0559,-0.0064,0.0,1
6.58465838432312: 0.0559,-0.0064,0.0,1
6.594659328460693: 0.0559,0.0021,0.0,1
6.607660531997681: 0.0559,-0.0107,0.0,1
6.63066291809082: 0.0559,-0.0021,0.0,1
6.636663436889648: 0.0559,0.0021,0.0,1
6.6386637687683105: 0.0559,-0.0064,0.0,1
6.652665138244629: 0.0559,-0.0021,0.0,1
6.671667098999023: 0.0559,-0.0021,0.0,1
6.671667098999023: 0.0559,-0.0021,0.0,1
6.6746673583984375: 0.0559,-0.0064,0.0,1
6.684668302536011: 0.0559,-0.0021,0.0,1
6.694669246673584: 0.0559,0.0064,0.0,1
6.7116711139678955: 0.0559,-0.0021,0.0,1
6.717671632766724: 0.0559,-0.0064,0.0,1
6.74567437171936: 0.0559,-0.0021,0.0,1
6.757675647735596: 0.0559,0.0021,0.0,1
6.76067590713501: 0.0559,-0.0107,0.0,1
6.76067590713501: 0.0559,-0.0021,0.0,1
6.778677701950073: 0.0559,0.0064,0.0,1
6.778677701950073: 0.0559,-0.0064,0.0,1
6.784678220748901: 0.0559,-0.0021,0.0,1
6.794679403305054: 0.0559,-0.0021,0.0,1
6.807680606842041: 0.0559,-0.0064,0.0,1
6.8266825675964355: 0.0559,-0.0021,0.0,1
6.841684103012085: 0.0559,-0.0107,0.0,1
6.841684103012085: 0.0559,0.0064,0.0,1
6.856685638427734: 0.0559,-0.0021,0.0,1
6.866686582565308: 0.0559,-0.0021,0.0,1
6.87568736076355: 0.0559,-0.0021,0.0,1
6.881688117980957: 0.0559,0.0021,0.0,1
6.884688377380371: 0.0559,-0.0064,0.0,1
6.894689321517944: 0.0559,-0.0064,0.0,1
6.904690265655518: 0.0559,0.0064,0.0,1
6.919691801071167: 0.0559,-0.0149,0.0,1
6.934693336486816: 0.0559,-0.0064,0.0,1
6.96069598197937: 0.0559,-0.0064,0.0,1
6.962696075439453: 0.0559,0.0064,0.0,1
6.963696241378784: 0.0559,-0.0064,0.0,1
6.9756975173950195: 0.0559,0.0064,0.0,1
6.984698295593262: 0.0559,-0.0021,0.0,1
6.984698295593262: 0.0559,-0.0021,0.0,1
6.994699239730835: 0.0559,-0.0021,0.0,1
7.004700422286987: 0.0559,-0.0021,0.0,1
7.020701885223389: 0.0559,0.0021,0.0,1
7.043704271316528: 0.0559,0.0021,0.0,1
7.044704437255859: 0.0559,-0.0021,0.0,1
7.045704364776611: 0.0559,-0.0064,0.0,1
7.065706491470337: 0.0559,0.0021,0.0,1
7.071707010269165: 0.0559,-0.0021,0.0,1
7.084708213806152: 0.0559,-0.0021,0.0,1
7.084708213806152: 0.0559,0.0021,0.0,1
7.094709396362305: 0.0559,-0.0064,0.0,1
7.104710340499878: 0.0559,-0.0021,0.0,1
7.124712228775024: 0.0559,-0.0064,0.0,1
7.1267125606536865: 0.0559,-0.0021,0.0,1
7.143714189529419: 0.0559,-0.0021,0.0,1
7.146714448928833: 0.0559,-0.0021,0.0,1
7.1647162437438965: 0.0559,0.0064,0.0,1
7.1657164096832275: 0.0559,-0.0064,0.0,1
7.185718536376953: 0.0559,-0.0021,0.0,1
7.185718536376953: 0.0559,0.0021,0.0,1
7.194719314575195: 0.0559,-0.0021,0.0,1
7.2047202587127686: 0.0559,0.0021,0.0,1
7.227722644805908: 0.0559,0.0021,0.0,1
7.241724014282227: 0.0559,-0.0064,0.0,1
7.246724605560303: 0.0559,0.0064,0.0,1
7.247724533081055: 0.0559,-0.0021,0.0,1
7.271727085113525: 0.0559,-0.0064,0.0,1
7.278727769851685: 0.0559,-0.0021,0.0,1
7.286728620529175: 0.0559,-0.0107,0.0,1
7.286728620529175: 0.0559,-0.0064,0.0,1
7.294729232788086: 0.0559,0.0021,0.0,1
7.304730415344238: 0.0559,-0.0021,0.0,1
7.327732563018799: 0.0559,-0.0021,0.0,1
7.338733673095703: 0.0559,-0.0064,0.0,1
7.348734617233276: 0.0559,0.0021,0.0,1
7.357735633850098: 0.0559,-0.0021,0.0,1
7.360735893249512: 0.0559,0.0021,0.0,1
7.367736577987671: 0.0559,0.0021,0.0,1
7.395739316940308: 0.0559,0.0021,0.0,1
7.395739316940308: 0.0559,-0.0021,0.0,1
7.395739316940308: 0.0559,-0.0021,0.0,1
7.404740333557129: 0.0559,-0.0064,0.0,1
7.414741277694702: 0.0559,0.0021,0.0,1
7.4277427196502686: 0.0559,-0.0064,0.0,1
7.44374418258667: 0.0559,-0.0021,0.0,1
7.460745811462402: 0.0559,0.0064,0.0,1
7.461745977401733: 0.0559,-0.0021,0.0,1
7.470746994018555: 0.0559,-0.0064,0.0,1
7.477747678756714: 0.0559,-0.0064,0.0,1
7.488748788833618: 0.0559,0.0064,0.0,1
7.5047502517700195: 0.0559,-0.0021,0.0,1
7.5047502517700195: 0.0559,-0.0064,0.0,1
7.514751434326172: 0.0559,-0.0021,0.0,1
7.524752378463745: 0.0559,-0.0064,0.0,1
7.54375433921814: 0.0559,-0.0064,0.0,1
7.556755542755127: 0.0559,0.0064,0.0,1
7.557755708694458: 0.0559,-0.0021,0.0,1
7.569756746292114: 0.0559,0.0021,0.0,1
7.588758707046509: 0.0559,-0.0021,0.0,1
7.594759225845337: 0.0559,0.0021,0.0,1
7.59775972366333: 0.0559,0.0021,0.0,1
7.610760927200317: 0.0559,-0.0021,0.0,1
7.6147613525390625: 0.0559,-0.0021,0.0,1
7.624762296676636: 0.0559,-0.0064,0.0,1
7.634763240814209: 0.0559,-0.0149,0.0,1
7.6507649421691895: 0.0559,0.0064,0.0,1
7.667766571044922: 0.0559,-0.0021,0.0,1
7.676767587661743: 0.0559,0.0021,0.0,1
7.691769123077393: 0.0559,-0.0021,0.0,1
7.691769123077393: 0.0559,0.0021,0.0,1
7.702770233154297: 0.0559,-0.0021,0.0,1
7.710770845413208: 0.0559,-0.0064,0.0,1
7.714771270751953: 0.0559,-0.0107,0.0,1
7.724772214889526: 0.0559,-0.0107,0.0,1
7.734773397445679: 0.0559,-0.0064,0.0,1
7.759775876998901: 0.0559,-0.0064,0.0,1
7.772777080535889: 0.0559,-0.0021,0.0,1
7.77377724647522: 0.0559,-0.0021,0.0,1
7.777777671813965: 0.0559,0.0021,0.0,1
7.794779300689697: 0.0559,-0.0107,0.0,1
7.799779891967773: 0.0559,-0.0107,0.0,1
7.814781427383423: 0.0559,-0.0064,0.0,1
7.814781427383423: 0.0559,-0.0149,0.0,1
7.824782371520996: 0.0559,0.0234,0.0,1
7.834783315658569: 0.0559,-0.0277,0.0,1
7.854785203933716: 0.0559,0.0149,0.0,1
7.854785203933716: 0.0559,-0.0192,0.0,1
7.884788274765015: 0.0559,0.0064,0.0,1
7.894789218902588: 0.0559,-0.0064,0.0,1
7.898789644241333: 0.0559,-0.0064,0.0,1
7.909790754318237: 0.0559,-0.0149,0.0,1
7.9177916049957275: 0.0559,0.0234,0.0,1
7.9177916049957275: 0.0559,-0.032,0.0,1
7.924792289733887: 0.0559,0.0192,0.0,1
7.93479323387146: 0.0559,-0.0235,0.0,1
7.9517951011657715: 0.0559,0.0149,0.0,1
7.960795879364014: 0.0559,-0.0064,0.0,1
7.972797155380249: 0.0559,0.0021,0.0,1
7.977797508239746: 0.0559,-0.0021,0.0,1
8.016801595687866: 0.0559,0.0064,0.0,1
8.017801523208618: 0.0559,-0.0064,0.0,1
8.017801523208618: 0.0559,-0.0021,0.0,1
8.017801523208618: 0.0559,-0.0064,0.0,1
8.024802207946777: 0.0559,0.0064,0.0,1
8.03480339050293: 0.0559,-0.0021,0.0,1
8.052805185317993: 0.0559,0.0021,0.0,1
8.05780553817749: 0.0559,0.0021,0.0,1
8.097809553146362: 0.0559,-0.0021,0.0,1
8.098809719085693: 0.0559,-0.0064,0.0,1
8.101809978485107: 0.0559,-0.0021,0.0,1
8.109810829162598: 0.0559,-0.0107,0.0,1
8.127812623977661: 0.0559,-0.0064,0.0,1
8.127812623977661: 0.0559,-0.0064,0.0,1
8.127812623977661: 0.0559,0.0021,0.0,1
8.13481330871582: 0.0559,0.0021,0.0,1
8.144814252853394: 0.0559,0.0107,0.0,1
8.165816307067871: 0.0559,-0.0021,0.0,1
8.167816638946533: 0.0559,0.0107,0.0,1
8.179817914962769: 0.0559,-0.0064,0.0,1
8.207820653915405: 0.0559,-0.0064,0.0,1
8.220821857452393: 0.0559,0.0021,0.0,1
8.227822542190552: 0.0559,0.0021,0.0,1
8.227822542190552: 0.0559,-0.0021,0.0,1
8.227822542190552: 0.0559,0.0064,0.0,1
8.234823226928711: 0.0559,-0.0021,0.0,1
8.244824409484863: 0.0559,-0.0021,0.0,1
8.260825872421265: 0.0559,0.0021,0.0,1
8.266826629638672: 0.0559,-0.0064,0.0,1
8.276827573776245: 0.0559,0.0021,0.0,1
8.296829462051392: 0.0559,-0.0064,0.0,1
8.302830219268799: 0.0559,0.0021,0.0,1
8.316831588745117: 0.0559,-0.0021,0.0,1
8.32583236694336: 0.0559,-0.0064,0.0,1
8.33383321762085: 0.0559,-0.0064,0.0,1
8.33483338356018: 0.0559,0.0064,0.0,1
8.344834327697754: 0.0559,-0.0021,0.0,1
8.354835271835327: 0.0559,-0.0064,0.0,1
8.374837398529053: 0.0559,0.0021,0.0,1
8.37983775138855: 0.0559,-0.0064,0.0,1
8.3948392868042: 0.0559,0.0021,0.0,1
8.41084098815918: 0.0559,0.0021,0.0,1
8.413841247558594: 0.0559,-0.0021,0.0,1
8.423842191696167: 0.0559,-0.0021,0.0,1
8.426842451095581: 0.0559,-0.0064,0.0,1
8.452845096588135: 0.0559,-0.0021,0.0,1
8.452845096588135: 0.0559,0.0021,0.0,1
8.454845428466797: 0.0559,0.0021,0.0,1
8.46484637260437: 0.0559,-0.0021,0.0,1
8.474847316741943: 0.0559,-0.0021,0.0,1
8.497849702835083: 0.0559,-0.0021,0.0,1
8.50285005569458: 0.0559,-0.0021,0.0,1
8.506850481033325: 0.0559,-0.0064,0.0,1
8.51885175704956: 0.0559,-0.0021,0.0,1
8.532853126525879: 0.0559,-0.0021,0.0,1
8.535853385925293: 0.0559,0.0021,0.0,1
8.555855512619019: 0.0559,-0.0021,0.0,1
8.555855512619019: 0.0559,-0.0021,0.0,1
8.56485629081726: 0.0559,-0.0064,0.0,1
8.574857234954834: 0.0559,0.0021,0.0,1
8.585858345031738: 0.0559,0.0064,0.0,1
8.614861249923706: 0.0559,-0.0107,0.0,1
8.616861581802368: 0.0559,0.0021,0.0,1
8.61786150932312: 0.0559,-0.0064,0.0,1
8.62586236000061: 0.0559,-0.0021,0.0,1
8.647864580154419: 0.0559,0.0021,0.0,1
8.662866115570068: 0.0559,-0.0107,0.0,1
8.662866115570068: 0.0559,-0.0064,0.0,1
8.664866209030151: 0.0559,-0.0021,0.0,1
8.674867391586304: 0.0559,-0.0064,0.0,1
8.684868335723877: 0.0559,-0.0021,0.0,1
8.705870389938354: 0.0559,0.0021,0.0,1
8.707870721817017: 0.0559,-0.0064,0.0,1
8.73287320137024: 0.0559,-0.0021,0.0,1
8.73287320137024: 0.0559,-0.0064,0.0,1
8.74087381362915: 0.0559,-0.0021,0.0,1
8.746874570846558: 0.0559,-0.0021,0.0,1
8.761876106262207: 0.0559,0.0021,0.0,1
8.77887773513794: 0.0559,-0.0064,0.0,1
8.77887773513794: 0.0559,-0.0064,0.0,1
8.784878253936768: 0.0559,0.0021,0.0,1
8.79487943649292: 0.0559,-0.0021,0.0,1
8.813881158828735: 0.0559,-0.0064,0.0,1
8.826882600784302: 0.0559,-0.0021,0.0,1
8.826882600784302: 0.0559,0.0021,0.0,1
8.836883544921875: 0.0559,-0.0064,0.0,1
8.867886543273926: 0.0559,-0.0149,0.0,1
8.87888765335083: 0.0559,-0.0107,0.0,1
8.87888765335083: 0.0559,-0.0021,0.0,1
8.87888765335083: 0.0559,-0.0021,0.0,1
8.884888410568237: 0.0559,0.0021,0.0,1
8.89488935470581: 0.0559,0.0021,0.0,1
8.907890558242798: 0.0559,-0.0064,0.0,1
8.926892518997192: 0.0559,0.0021,0.0,1
8.936893463134766: 0.0559,-0.0021,0.0,1
8.937893629074097: 0.0559,-0.0064,0.0,1
8.948894739151001: 0.0559,-0.0064,0.0,1
8.95589542388916: 0.0559,-0.0021,0.0,1
8.967896699905396: 0.0559,-0.0107,0.0,1
8.975897312164307: 0.0586,-0.0021,0.0,1
8.987898588180542: 0.0559,-0.0021,0.0,1
8.994899272918701: 0.0559,-0.0021,0.0,1
9.004900217056274: 0.0559,0.0021,0.0,1
9.01790165901184: 0.0559,0.0021,0.0,1
9.025902509689331: 0.0559,-0.0021,0.0,1
9.035903453826904: 0.0559,-0.0064,0.0,1
9.045904397964478: 0.0559,0.0021,0.0,1
9.057905673980713: 0.0559,-0.0021,0.0,1
9.065906524658203: 0.0559,-0.0021,0.0,1
9.074907302856445: 0.0559,-0.0021,0.0,1
9.08590841293335: 0.0559,0.0021,0.0,1
9.097909688949585: 0.0559,0.0064,0.0,1
9.104910373687744: 0.0559,-0.0064,0.0,1
9.114911317825317: 0.0559,-0.0021,0.0,1
9.126912593841553: 0.0559,-0.0021,0.0,1
9.135913372039795: 0.0559,0.0021,0.0,1
9.149914741516113: 0.0559,-0.0064,0.0,1
9.190918922424316: 0.0559,-0.0021,0.0,1
9.1929190158844: 0.0559,-0.0021,0.0,1
9.1929190158844: 0.0559,-0.0021,0.0,1
9.19391918182373: 0.0559,-0.0021,0.0,1
9.210920810699463: 0.0559,-0.0021,0.0,1
9.210920810699463: 0.0559,0.0021,0.0,1
9.214921236038208: 0.0559,-0.0064,0.0,1
9.22492241859436: 0.0559,0.0064,0.0,1
9.234923362731934: 0.0559,-0.0064,0.0,1
9.260926008224487: 0.0559,-0.0021,0.0,1
9.272927045822144: 0.0559,0.0021,0.0,1
9.273927211761475: 0.0559,-0.0064,0.0,1
9.281928062438965: 0.0559,-0.0192,0.0,1
9.301929950714111: 0.0559,0.0192,0.0,1
9.303930282592773: 0.0559,-0.0235,0.0,1
9.312931060791016: 0.0559,-0.0021,0.0,1
9.314931392669678: 0.0559,0.0064,0.0,1
9.324932336807251: 0.0586,-0.0107,0.0,1
9.334933280944824: 0.0559,0.0149,0.0,1
9.35493540763855: 0.0559,-0.0064,0.0,1
9.363936185836792: 0.0559,-0.0107,0.0,1
9.381937980651855: 0.0559,0.0021,0.0,1
9.390938997268677: 0.0559,-0.0021,0.0,1
9.39393925666809: 0.0559,0.0021,0.0,1
9.411941051483154: 0.0559,-0.0064,0.0,1
9.416941404342651: 0.0559,0.0021,0.0,1
9.416941404342651: 0.0559,-0.0021,0.0,1
9.424942255020142: 0.0559,-0.0064,0.0,1
9.434943437576294: 0.0559,-0.0021,0.0,1
9.458945751190186: 0.0559,0.0021,0.0,1
9.465946435928345: 0.0559,-0.0021,0.0,1
9.473947286605835: 0.0559,-0.0107,0.0,1
9.482948064804077: 0.0559,0.0064,0.0,1
9.503950119018555: 0.0559,0.0021,0.0,1
9.514951229095459: 0.0559,-0.0064,0.0,1
9.516951560974121: 0.0559,0.0021,0.0,1
9.516951560974121: 0.0559,-0.0107,0.0,1
9.524952411651611: 0.0559,0.0021,0.0,1
9.534953355789185: 0.0559,-0.0107,0.0,1
9.550954818725586: 0.0559,-0.0021,0.0,1
9.555955410003662: 0.0559,-0.0021,0.0,1
9.564956426620483: 0.0559,-0.0064,0.0,1
9.578957796096802: 0.0559,0.0021,0.0,1
9.593959331512451: 0.0559,-0.0021,0.0,1
9.596959590911865: 0.0559,0.0021,0.0,1
9.610960960388184: 0.0559,-0.0021,0.0,1
9.634963274002075: 0.0559,0.0021,0.0,1
9.634963274002075: 0.0559,-0.0149,0.0,1
9.634963274002075: 0.0559,0.0021,0.0,1
9.644964218139648: 0.0559,-0.0021,0.0,1
9.6549654006958: 0.0559,-0.0021,0.0,1
9.677967548370361: 0.0559,0.0064,0.0,1
9.678967714309692: 0.0559,0.0021,0.0,1
9.69296908378601: 0.0559,-0.0064,0.0,1
9.697969675064087: 0.0559,-0.0064,0.0,1
9.710970878601074: 0.0559,-0.0021,0.0,1
9.717971563339233: 0.0559,-0.0021,0.0,1
9.737973690032959: 0.0559,-0.0021,0.0,1
9.737973690032959: 0.0559,-0.0021,0.0,1
9.744974374771118: 0.0559,-0.0064,0.0,1
9.754975318908691: 0.0559,-0.0192,0.0,1
9.774977207183838: 0.0559,0.0107,0.0,1
9.78397822380066: 0.0559,-0.0149,0.0,1
9.785978317260742: 0.0559,-0.0021,0.0,1
9.798979759216309: 0.0559,0.0021,0.0,1
9.80798053741455: 0.0559,-0.0235,0.0,1
9.839983940124512: 0.0559,0.0234,0.0,1
9.839983940124512: 0.0559,-0.0064,0.0,1
9.839983940124512: 0.0559,-0.0021,0.0,1
9.844984292984009: 0.0559,-0.0064,0.0,1
9.854985237121582: 0.0559,-0.0021,0.0,1
9.874987363815308: 0.0559,-0.0021,0.0,1
9.880987882614136: 0.0559,-0.0021,0.0,1
9.89198899269104: 0.0559,-0.0021,0.0,1
9.895989418029785: 0.0559,-0.0064,0.0,1
9.909990787506104: 0.0559,0.0021,0.0,1
9.917991638183594: 0.0559,0.0021,0.0,1
9.935993432998657: 0.0559,0.0021,0.0,1
9.954995393753052: 0.0559,-0.0021,0.0,1
9.954995393753052: 0.0559,-0.0107,0.0,1
9.954995393753052: 0.0559,-0.0107,0.0,1
9.964996337890625: 0.0559,0.0021,0.0,1
9.974997282028198: 0.0559,-0.0107,0.0,1
10.003000020980835: 0.0559,-0.0149,0.0,1
10.004000186920166: 0.0559,0.0064,0.0,1
10.011000871658325: 0.0559,-0.0021,0.0,1
10.027002573013306: 0.0559,-0.0021,0.0,1
10.034003257751465: 0.0559,-0.0064,0.0,1
10.043004035949707: 0.0559,0.0021,0.0,1
10.050004720687866: 0.0559,0.0064,0.0,1
10.066006422042847: 0.0559,-0.0149,0.0,1
10.066006422042847: 0.0559,0.0021,0.0,1
10.075007438659668: 0.0559,-0.0021,0.0,1
10.085008382797241: 0.0559,-0.0192,0.0,1
10.10701060295105: 0.0559,0.0064,0.0,1
10.108010530471802: 0.0559,0.0064,0.0,1
10.124012231826782: 0.0559,-0.0149,0.0,1
10.13001275062561: 0.0559,0.0234,0.0,1
10.151014804840088: 0.0559,-0.0235,0.0,1
10.159015655517578: 0.0559,0.0149,0.0,1
10.177017450332642: 0.0559,-0.0149,0.0,1
10.177017450332642: 0.0559,-0.0064,0.0,1
10.177017450332642: 0.0559,0.0021,0.0,1
10.185018301010132: 0.0559,0.0149,0.0,1
10.195019245147705: 0.0559,-0.0107,0.0,1
10.224022150039673: 0.0559,0.0149,0.0,1
10.227022409439087: 0.0559,-0.032,0.0,1
10.228022575378418: 0.0559,0.0192,0.0,1
10.244024276733398: 0.0559,-0.0064,0.0,1
10.247024536132812: 0.0559,-0.0064,0.0,1
10.27502727508545: 0.0559,-0.0064,0.0,1
10.286028385162354: 0.0559,-0.0064,0.0,1
10.286028385162354: 0.0559,0.0021,0.0,1
10.287028551101685: 0.0559,0.0021,0.0,1
10.295029401779175: 0.0559,0.0021,0.0,1
10.305030345916748: 0.0559,-0.0021,0.0,1
10.326032400131226: 0.0559,-0.0021,0.0,1
10.326032400131226: 0.0559,-0.0021,0.0,1
10.338033676147461: 0.0559,-0.0021,0.0,1
10.361035823822021: 0.0559,-0.0021,0.0,1
10.366036415100098: 0.0559,0.0021,0.0,1
10.369036674499512: 0.0559,-0.0021,0.0,1
10.39003872871399: 0.0559,-0.0021,0.0,1
10.39003872871399: 0.0559,0.0064,0.0,1
10.395039319992065: 0.0559,-0.0064,0.0,1
10.405040264129639: 0.0559,-0.0107,0.0,1
10.42904281616211: 0.0559,0.0021,0.0,1
10.434043169021606: 0.0559,-0.0021,0.0,1
10.442044019699097: 0.0559,0.0021,0.0,1
10.448044538497925: 0.0559,-0.0021,0.0,1
10.477047443389893: 0.0559,-0.0064,0.0,1
10.4830482006073: 0.0559,-0.0064,0.0,1
10.487048625946045: 0.0559,-0.0021,0.0,1
10.489048719406128: 0.0559,-0.0107,0.0,1
10.507050514221191: 0.0559,-0.0192,0.0,1
10.507050514221191: 0.0559,0.0064,0.0,1
10.515051364898682: 0.0559,0.0021,0.0,1
10.525052309036255: 0.0559,-0.0021,0.0,1
10.551054954528809: 0.0559,-0.0021,0.0,1
10.557055473327637: 0.0559,-0.0021,0.0,1
10.558055639266968: 0.0559,-0.0064,0.0,1
10.568056583404541: 0.0559,0.0021,0.0,1
10.579057693481445: 0.0559,-0.0021,0.0,1
10.597059488296509: 0.0559,-0.0064,0.0,1
10.599059820175171: 0.0559,0.0064,0.0,1
10.609060764312744: 0.0559,-0.0064,0.0,1
10.615061283111572: 0.0559,-0.0064,0.0,1
10.625062227249146: 0.0559,-0.0107,0.0,1
10.63706350326538: 0.0559,-0.0021,0.0,1
10.649064779281616: 0.0559,0.0064,0.0,1
10.66706657409668: 0.0559,0.0021,0.0,1
10.670066833496094: 0.0559,0.0064,0.0,1
10.681067943572998: 0.0559,-0.0021,0.0,1
10.69006872177124: 0.0559,-0.0064,0.0,1
10.70607042312622: 0.0559,0.0021,0.0,1
10.711071014404297: 0.0559,0.0064,0.0,1
10.715071439743042: 0.0559,0.0021,0.0,1
10.725072383880615: 0.0559,-0.0064,0.0,1
10.735073328018188: 0.0559,-0.0021,0.0,1
Simulator log terminated at 2015-06-18 12:37:38 UTC
