Simulator log started at 2015-06-18 17:33:41 UTC
0.01400136947631836: 0.06692245602607727,0.002125056926161051,0,0
0.02800273895263672: 0.06692245602607727,-0.002137966686859727,0,0
0.04900479316711426: 0.06692245602607727,-0.002137966686859727,0,0
0.0830082893371582: 0.06692245602607727,-0.002137966686859727,0,0
0.09100890159606934: 0.06692245602607727,0.002125056926161051,0,0
0.10801076889038086: 0.06692245602607727,0.006388213485479355,0,0
0.12401223182678223: 0.06692245602607727,-0.006400990299880505,0,0
0.15301513671875: 0.06692245602607727,-0.014927170239388943,0,0
0.16801667213439941: 0.06692245602607727,0.010651237331330776,0,0
0.19101905822753906: 0.06692245602607727,0.002125056926161051,0,0
0.20802068710327148: 0.06692245602607727,-0.010664146393537521,0,0
0.22402238845825195: 0.06692245602607727,0.002125056926161051,0,0
0.2530252933502197: 0.06692245602607727,-0.002137966686859727,0,0
0.27702760696411133: 0.06692245602607727,-0.002137966686859727,0,0
0.29002881050109863: 0.06692245602607727,0.002125056926161051,0,0
0.3080306053161621: 0.06692245602607727,-0.006400990299880505,0,0
0.3240323066711426: 0.06692245602607727,-0.006400990299880505,0,0
0.34903478622436523: 0.06692245602607727,0.002125056926161051,0,0
0.3740372657775879: 0.06692245602607727,0.002125056926161051,0,0
0.38603854179382324: 0.06692245602607727,-0.002137966686859727,0,0
0.41604161262512207: 0.06692245602607727,-0.002137966686859727,0,0
0.4240422248840332: 0.06692245602607727,0.010651237331330776,0,0
0.4570455551147461: 0.06692245602607727,-0.006400990299880505,0,0
0.47304725646972656: 0.06692245602607727,-0.002137966686859727,0,0
0.49104905128479004: 0.06692245602607727,-0.002137966686859727,0,0
0.5150513648986816: 0.06692245602607727,0.002125056926161051,0,0
0.529052734375: 0.06692245602607727,-0.002137966686859727,0,0
0.5440542697906494: 0.06692245602607727,-0.006400990299880505,0,0
0.5740573406219482: 0.06692245602607727,0.002125056926161051,0,0
0.5930593013763428: 0.06692245602607727,0.006388213485479355,0,0
0.6090607643127441: 0.06692245602607727,-0.002137966686859727,0,0
0.6280627250671387: 0.06692245602607727,0.006388213485479355,0,0
0.6490647792816162: 0.06692245602607727,0.002125056926161051,0,0
0.6640663146972656: 0.06692245602607727,-0.002137966686859727,0,0
0.6960694789886475: 0.06692245602607727,-0.006400990299880505,0,0
0.7110710144042969: 0.06692245602607727,0.002125056926161051,0,0
0.7280726432800293: 0.06692245602607727,0.002125056926161051,0,0
0.7500748634338379: 0.06692245602607727,0.002125056926161051,0,0
0.7640762329101562: 0.06692245602607727,-0.002137966686859727,0,0
0.7870786190032959: 0.06692245602607727,0.002125056926161051,0,0
0.8150813579559326: 0.06692245602607727,-0.002137966686859727,0,0
0.828082799911499: 0.06692245602607727,-0.002137966686859727,0,0
0.8440842628479004: 0.06692245602607727,-0.006400990299880505,0,0
0.86708664894104: 0.06692245602607727,-0.006400990299880505,0,0
0.8840882778167725: 0.06692245602607727,0.002125056926161051,0,0
0.9080905914306641: 0.06692245602607727,-0.006400990299880505,0,0
0.9250924587249756: 0.06692245602607727,0.006388213485479355,0,0
0.9450943470001221: 0.06692245602607727,0.002125056926161051,0,0
0.9720971584320068: 0.06692245602607727,-0.002137966686859727,0,0
0.9840981960296631: 0.06692245602607727,-0.010664146393537521,0,0
1.0131011009216309: 0.06692245602607727,-0.002137966686859727,0,0
1.0261025428771973: 0.06692245602607727,-0.002137966686859727,0,0
1.054105281829834: 0.06692245602607727,-0.010664146393537521,0,0
1.0661065578460693: 0.06692245602607727,0.002125056926161051,0,0
1.0851085186004639: 0.06692245602607727,-0.002137966686859727,0,0
1.1041102409362793: 0.06692245602607727,-0.010664146393537521,0,0
1.133113145828247: 0.06692245602607727,-0.014927170239388943,0,0
1.1461145877838135: 0.06692245602607727,0.002125056926161051,0,0
1.167116641998291: 0.06692245602607727,-0.002137966686859727,0,0
1.1871185302734375: 0.06692245602607727,-0.006400990299880505,0,0
1.204120397567749: 0.06692245602607727,-0.006400990299880505,0,0
1.2271225452423096: 0.06692245602607727,0.002125056926161051,0,0
1.2561254501342773: 0.06692245602607727,0.002125056926161051,0,0
1.2671265602111816: 0.06692245602607727,-0.002137966686859727,0,0
1.2911291122436523: 0.06692245602607727,-0.002137966686859727,0,0
1.3041303157806396: 0.06692245602607727,0.010651237331330776,0,0
1.3361334800720215: 0.06692245602607727,-0.006400990299880505,0,0
1.3481347560882568: 0.06692245602607727,0.002125056926161051,0,0
1.3671367168426514: 0.06692245602607727,0.006388213485479355,0,0
1.390138864517212: 0.06692245602607727,0.002125056926161051,0,0
1.4141414165496826: 0.06692245602607727,-0.002137966686859727,0,0
1.4241423606872559: 0.06692245602607727,-0.006400990299880505,0,0
1.464146375656128: 0.06692245602607727,0.002125056926161051,0,0
1.470146894454956: 0.06692245602607727,-0.002137966686859727,0,0
1.4901490211486816: 0.06692245602607727,-0.014927170239388943,0,0
1.507150650024414: 0.06692245602607727,-0.002137966686859727,0,0
1.541153907775879: 0.06692245602607727,-0.006400990299880505,0,0
1.544154405593872: 0.06692245602607727,-0.006400990299880505,0,0
1.5641562938690186: 0.06692245602607727,-0.006400990299880505,0,0
1.5911591053009033: 0.06692245602607727,0.002125056926161051,0,0
1.6121611595153809: 0.06692245602607727,-0.002137966686859727,0,0
1.6311631202697754: 0.06692245602607727,-0.006400990299880505,0,0
1.6481647491455078: 0.06692245602607727,-0.002137966686859727,0,0
1.6641662120819092: 0.06692245602607727,-0.006400990299880505,0,0
1.695169448852539: 0.06692245602607727,-0.002137966686859727,0,0
1.7111709117889404: 0.06692245602607727,-0.002137966686859727,0,0
1.729172706604004: 0.06692245602607727,-0.002137966686859727,0,0
1.7531752586364746: 0.06692245602607727,0.002125056926161051,0,0
1.764176368713379: 0.06692245602607727,0.002125056926161051,0,0
1.7891788482666016: 0.06692245602607727,-0.002137966686859727,0,0
1.809180736541748: 0.06692245602607727,-0.010664146393537521,0,0
1.8271825313568115: 0.06692245602607727,-0.002137966686859727,0,0
1.8551855087280273: 0.06692245602607727,0.006388213485479355,0,0
1.8641862869262695: 0.06692245602607727,-0.006400990299880505,0,0
1.8931891918182373: 0.06692245602607727,0.002125056926161051,0,0
1.9061903953552246: 0.06692245602607727,0.002125056926161051,0,0
1.9351933002471924: 0.06692245602607727,-0.002137966686859727,0,0
1.9481947422027588: 0.06692245602607727,-0.006400990299880505,0,0
1.9671967029571533: 0.06692245602607727,-0.002137966686859727,0,0
1.9841983318328857: 0.06692245602607727,0.002125056926161051,0,0
2.0072007179260254: 0.06692245602607727,-0.002137966686859727,0,0
2.033203125: 0.06692245602607727,-0.006400990299880505,0,0
2.0482046604156494: 0.06692245602607727,-0.002137966686859727,0,0
2.069206714630127: 0.06692245602607727,-0.002137966686859727,0,0
2.0842082500457764: 0.06692245602607727,-0.002137966686859727,0,0
2.106210470199585: 0.06692245602607727,-0.006400990299880505,0,0
2.1332132816314697: 0.06692245602607727,-0.010664146393537521,0,0
2.1552155017852783: 0.06692245602607727,-0.002137966686859727,0,0
2.1742172241210938: 0.06692245602607727,0.006388213485479355,0,0
2.184218406677246: 0.06692245602607727,-0.006400990299880505,0,0
2.2092208862304688: 0.06692245602607727,-0.006400990299880505,0,0
2.2372236251831055: 0.06692245602607727,0.002125056926161051,0,0
2.2692267894744873: 0.06692245602607727,-0.002137966686859727,0,0
2.2752273082733154: 0.06692245602607727,-0.002137966686859727,0,0
2.2842283248901367: 0.06692245602607727,-0.002137966686859727,0,0
2.3062305450439453: 0.06692245602607727,-0.002137966686859727,0,0
2.332233190536499: 0.06692245602607727,-0.006400990299880505,0,0
2.3562355041503906: 0.06692245602607727,-0.002137966686859727,0,0
2.368236780166626: 0.06692245602607727,-0.006400990299880505,0,0
2.3902390003204346: 0.06692245602607727,0.006388213485479355,0,0
2.404240369796753: 0.06692245602607727,0.002125056926161051,0,0
2.4352433681488037: 0.06692245602607727,-0.002137966686859727,0,0
2.445244312286377: 0.06692245602607727,-0.002137966686859727,0,0
2.475247383117676: 0.06692245602607727,0.002125056926161051,0,0
2.485248327255249: 0.06692245602607727,0.002125056926161051,0,0
2.515251398086548: 0.06692245602607727,-0.006400990299880505,0,0
2.524252414703369: 0.06692245602607727,-0.006400990299880505,0,0
2.549254894256592: 0.06692245602607727,0.002125056926161051,0,0
2.5672566890716553: 0.06692245602607727,0.002125056926161051,0,0
2.592259168624878: 0.06692245602607727,0.002125056926161051,0,0
2.6082606315612793: 0.06692245602607727,-0.002137966686859727,0,0
2.640263795852661: 0.06692245602607727,0.002125056926161051,0,0
2.6442642211914062: 0.06692245602607727,-0.010664146393537521,0,0
2.664266347885132: 0.06692245602607727,0.002125056926161051,0,0
2.6852684020996094: 0.06692245602607727,-0.006400990299880505,0,0
2.715271472930908: 0.06692245602607727,-0.006400990299880505,0,0
2.7262725830078125: 0.06692245602607727,-0.002137966686859727,0,0
2.749274730682373: 0.06692245602607727,-0.002137966686859727,0,0
2.7642762660980225: 0.06692245602607727,-0.006400990299880505,0,0
2.787278652191162: 0.06692245602607727,-0.006400990299880505,0,0
2.8062806129455566: 0.06692245602607727,-0.002137966686859727,0,0
2.829282760620117: 0.06692245602607727,-0.010664146393537521,0,0
2.8492848873138428: 0.06692245602607727,-0.002137966686859727,0,0
2.864286184310913: 0.06692245602607727,0.006388213485479355,0,0
2.8852884769439697: 0.06692245602607727,0.006388213485479355,0,0
2.905290365219116: 0.06692245602607727,-0.006400990299880505,0,0
2.9242923259735107: 0.06692245602607727,-0.006400990299880505,0,0
2.9452943801879883: 0.06692245602607727,-0.006400990299880505,0,0
2.965296506881714: 0.06692245602607727,0.002125056926161051,0,0
2.9842982292175293: 0.06692245602607727,-0.006400990299880505,0,0
3.005300283432007: 0.06692245602607727,-0.006400990299880505,0,0
3.0323030948638916: 0.06692245602607727,0.002125056926161051,0,0
3.051305055618286: 0.06692245602607727,-0.006400990299880505,0,0
3.0673065185546875: 0.06692245602607727,0.006388213485479355,0,0
3.084308385848999: 0.06692245602607727,-0.010664146393537521,0,0
3.1053104400634766: 0.06692245602607727,0.002125056926161051,0,0
3.130312919616699: 0.06692245602607727,-0.010664146393537521,0,0
3.154315233230591: 0.06692245602607727,0.006388213485479355,0,0
3.168316602706909: 0.06692245602607727,-0.006400990299880505,0,0
3.1843183040618896: 0.06692245602607727,0.002125056926161051,0,0
3.2123210430145264: 0.06692245602607727,-0.006400990299880505,0,0
3.231323003768921: 0.06692245602607727,0.002125056926161051,0,0
3.2483246326446533: 0.06692245602607727,0.006388213485479355,0,0
3.266326427459717: 0.06692245602607727,-0.010664146393537521,0,0
3.2873287200927734: 0.06692245602607727,-0.002137966686859727,0,0
3.304330348968506: 0.06692245602607727,0.006388213485479355,0,0
3.3333332538604736: 0.06692245602607727,-0.014927170239388943,0,0
3.349334716796875: 0.06692245602607727,0.002125056926161051,0,0
3.3663365840911865: 0.06692245602607727,0.002125056926161051,0,0
3.386338472366333: 0.06692245602607727,-0.002137966686859727,0,0
3.415341377258301: 0.06692245602607727,0.002125056926161051,0,0
3.424342393875122: 0.06692245602607727,-0.006400990299880505,0,0
3.4473445415496826: 0.06692245602607727,-0.006400990299880505,0,0
3.4703469276428223: 0.06692245602607727,0.002125056926161051,0,0
3.493349313735962: 0.06692245602607727,-0.002137966686859727,0,0
3.5083506107330322: 0.06692245602607727,-0.010664146393537521,0,0
3.530352830886841: 0.06692245602607727,-0.002137966686859727,0,0
3.544354200363159: 0.06692245602607727,-0.006400990299880505,0,0
3.573357105255127: 0.06692245602607727,-0.002137966686859727,0,0
3.5883586406707764: 0.06692245602607727,-0.006400990299880505,0,0
3.610360860824585: 0.06692245602607727,-0.006400990299880505,0,0
3.6283626556396484: 0.06692245602607727,0.006388213485479355,0,0
3.647364616394043: 0.06692245602607727,-0.002137966686859727,0,0
3.6643662452697754: 0.06692245602607727,-0.002137966686859727,0,0
3.6973695755004883: 0.06692245602607727,-0.010664146393537521,0,0
3.718371629714966: 0.06692245602607727,-0.002137966686859727,0,0
3.725372314453125: 0.06692245602607727,-0.002137966686859727,0,0
3.7543752193450928: 0.06692245602607727,0.002125056926161051,0,0
3.764376401901245: 0.06692245602607727,-0.002137966686859727,0,0
3.7873785495758057: 0.06692245602607727,-0.002137966686859727,0,0
3.8103809356689453: 0.06692245602607727,-0.006400990299880505,0,0
3.834383249282837: 0.06692245602607727,-0.002137966686859727,0,0
3.8473846912384033: 0.06692245602607727,-0.002137966686859727,0,0
3.87538743019104: 0.06692245602607727,-0.002137966686859727,0,0
3.8843882083892822: 0.06692245602607727,0.006388213485479355,0,0
3.915391445159912: 0.06692245602607727,0.002125056926161051,0,0
3.9303929805755615: 0.06692245602607727,-0.006400990299880505,0,0
3.948394775390625: 0.06692245602607727,-0.006400990299880505,0,0
3.9743974208831787: 0.06692245602607727,-0.006400990299880505,0,0
3.99039888381958: 0.06692245602607727,-0.006400990299880505,0,0
4.004400253295898: 0.06692245602607727,-0.002137966686859727,0,0
4.031403064727783: 0.06692245602607727,0.002125056926161051,0,0
4.056405544281006: 0.06692245602607727,-0.006400990299880505,0,0
4.069406747817993: 0.06692245602607727,0.002125056926161051,0,0
4.091408967971802: 0.06692245602607727,-0.002137966686859727,0,0
4.104410409927368: 0.06692245602607727,-0.002137966686859727,0,0
4.126412391662598: 0.06692245602607727,-0.014927170239388943,0,0
4.145414352416992: 0.06692245602607727,-0.027716374024748802,0,0
4.173417091369629: 0.06692245602607727,-0.010664146393537521,0,0
4.185418367385864: 0.06692245602607727,0.002125056926161051,0,0
4.209420919418335: 0.06692245602607727,-0.002137966686859727,0,0
4.224422216415405: 0.06692245602607727,-0.006400990299880505,0,0
4.253425121307373: 0.06692245602607727,-0.002137966686859727,0,0
4.265426397323608: 0.06692245602607727,-0.006400990299880505,0,0
4.286428451538086: 0.06692245602607727,-0.002137966686859727,0,0
4.3054304122924805: 0.06692245602607727,-0.002137966686859727,0,0
4.326432466506958: 0.06692245602607727,0.002125056926161051,0,0
4.3444342613220215: 0.06692245602607727,-0.006400990299880505,0,0
4.369436740875244: 0.06692245602607727,0.002125056926161051,0,0
4.385438442230225: 0.06692245602607727,-0.002137966686859727,0,0
4.408440589904785: 0.06692245602607727,-0.002137966686859727,0,0
4.426442384719849: 0.06692245602607727,0.002125056926161051,0,0
4.444444417953491: 0.06692245602607727,0.006388213485479355,0,0
4.467446565628052: 0.06692245602607727,0.002125056926161051,0,0
4.4914491176605225: 0.06692245602607727,-0.002137966686859727,0,0
4.509450912475586: 0.06692245602607727,0.002125056926161051,0,0
4.5324530601501465: 0.06692245602607727,-0.010664146393537521,0,0
4.544454336166382: 0.06692245602607727,0.002125056926161051,0,0
4.568456649780273: 0.06692245602607727,0.002125056926161051,0,0
4.590458869934082: 0.06692245602607727,-0.002137966686859727,0,0
4.6064605712890625: 0.06692245602607727,-0.006400990299880505,0,0
4.629462718963623: 0.06692245602607727,0.002125056926161051,0,0
4.648464679718018: 0.06692245602607727,0.006388213485479355,0,0
4.664466381072998: 0.06692245602607727,-0.006400990299880505,0,0
4.695469379425049: 0.06692245602607727,-0.002137966686859727,0,0
4.705470323562622: 0.06692245602607727,-0.002137966686859727,0,0
4.728472709655762: 0.06692245602607727,-0.006400990299880505,0,0
4.751475095748901: 0.06692245602607727,0.002125056926161051,0,0
4.764476299285889: 0.06692245602607727,-0.002137966686859727,0,0
4.789478778839111: 0.06692245602607727,0.002125056926161051,0,0
4.812481164932251: 0.06692245602607727,0.002125056926161051,0,0
4.828482627868652: 0.06692245602607727,-0.006400990299880505,0,0
4.848484754562378: 0.06692245602607727,-0.002137966686859727,0,0
4.873487234115601: 0.06692245602607727,0.002125056926161051,0,0
4.884488344192505: 0.06692245602607727,0.002125056926161051,0,0
4.915491342544556: 0.06692245602607727,-0.014927170239388943,0,0
4.928492784500122: 0.06692245602607727,0.002125056926161051,0,0
4.9464945793151855: 0.06692245602607727,-0.006400990299880505,0,0
4.965496301651001: 0.06692245602607727,-0.006400990299880505,0,0
4.990499019622803: 0.06692245602607727,0.002125056926161051,0,0
5.004500389099121: 0.06692245602607727,0.002125056926161051,0,0
5.035503387451172: 0.06692245602607727,-0.01919032633304596,0,0
5.047504663467407: 0.06692245602607727,-0.01919032633304596,0,0
5.068506717681885: 0.06692245602607727,-0.01919032633304596,0,0
5.086508512496948: 0.06692245602607727,0.002125056926161051,0,0
5.107510566711426: 0.06692245602607727,-0.010664146393537521,0,0
5.124512195587158: 0.06692245602607727,-0.002137966686859727,0,0
5.155515432357788: 0.06692245602607727,0.002125056926161051,0,0
5.167516708374023: 0.06692245602607727,-0.002137966686859727,0,0
5.193519115447998: 0.06692245602607727,-0.010664146393537521,0,0
5.207520484924316: 0.06692245602607727,-0.006400990299880505,0,0
5.224522352218628: 0.06692245602607727,-0.010664146393537521,0,0
5.249524831771851: 0.06692245602607727,-0.002137966686859727,0,0
5.2645263671875: 0.06692245602607727,-0.006400990299880505,0,0
5.295529365539551: 0.06692245602607727,-0.002137966686859727,0,0
5.312530994415283: 0.06692245602607727,0.002125056926161051,0,0
5.3245322704315186: 0.06692245602607727,-0.006400990299880505,0,0
5.347534656524658: 0.06692245602607727,0.002125056926161051,0,0
5.367536544799805: 0.06692245602607727,-0.002137966686859727,0,0
5.38753867149353: 0.06692245602607727,-0.006400990299880505,0,0
5.406540393829346: 0.06692245602607727,-0.002137966686859727,0,0
5.4345433712005615: 0.06692245602607727,0.002125056926161051,0,0
5.444544315338135: 0.06692245602607727,-0.010664146393537521,0,0
5.4725470542907715: 0.06692245602607727,0.002125056926161051,0,0
5.495549440383911: 0.06692245602607727,-0.006400990299880505,0,0
5.515551328659058: 0.06692245602607727,-0.002137966686859727,0,0
5.52555251121521: 0.06692245602607727,-0.006400990299880505,0,0
5.560555934906006: 0.06692245602607727,-0.006400990299880505,0,0
5.564556360244751: 0.06692245602607727,-0.006400990299880505,0,0
5.5845582485198975: 0.06692245602607727,0.002125056926161051,0,0
5.608560800552368: 0.06692245602607727,-0.002137966686859727,0,0
5.634563207626343: 0.06692245602607727,-0.002137966686859727,0,0
5.654565334320068: 0.06692245602607727,-0.006400990299880505,0,0
5.672567129135132: 0.06692245602607727,0.002125056926161051,0,0
5.684568405151367: 0.06692245602607727,-0.002137966686859727,0,0
5.70957088470459: 0.06692245602607727,-0.002137966686859727,0,0
5.737573623657227: 0.06692245602607727,0.006388213485479355,0,0
5.751574993133545: 0.06692245602607727,-0.002137966686859727,0,0
5.764576196670532: 0.06692245602607727,0.002125056926161051,0,0
5.788578748703003: 0.06692245602607727,-0.002137966686859727,0,0
5.804580211639404: 0.06692245602607727,0.002125056926161051,0,0
5.825582504272461: 0.06692245602607727,0.002125056926161051,0,0
5.845584392547607: 0.06692245602607727,-0.002137966686859727,0,0
5.864586353302002: 0.06692245602607727,-0.002137966686859727,0,0
5.884588241577148: 0.06692245602607727,0.002125056926161051,0,0
5.905590295791626: 0.06692245602607727,0.002125056926161051,0,0
5.9245922565460205: 0.06692245602607727,0.002125056926161051,0,0
5.946594476699829: 0.06692245602607727,-0.002137966686859727,0,0
5.965596437454224: 0.06692245602607727,-0.002137966686859727,0,0
5.989598751068115: 0.06692245602607727,-0.006400990299880505,0,0
6.007600545883179: 0.06692245602607727,-0.002137966686859727,0,0
6.02460241317749: 0.06692245602607727,-0.002137966686859727,0,0
6.047604560852051: 0.06692245602607727,0.002125056926161051,0,0
6.0756072998046875: 0.06692245602607727,-0.006400990299880505,0,0
6.087608575820923: 0.06692245602607727,0.002125056926161051,0,0
6.106610536575317: 0.06692245602607727,-0.002137966686859727,0,0
6.126612424850464: 0.06692245602607727,-0.006400990299880505,0,0
6.144614219665527: 0.06692245602607727,-0.006400990299880505,0,0
6.170616865158081: 0.06692245602607727,-0.002137966686859727,0,0
6.191618919372559: 0.06692245602607727,0.002125056926161051,0,0
6.206620454788208: 0.06692245602607727,-0.006400990299880505,0,0
6.235623359680176: 0.06692245602607727,0.002125056926161051,0,0
6.244624376296997: 0.06692245602607727,0.002125056926161051,0,0
6.273627281188965: 0.06692245602607727,0.002125056926161051,0,0
6.286628484725952: 0.06692245602607727,0.002125056926161051,0,0
6.306630611419678: 0.06692245602607727,-0.002137966686859727,0,0
6.3316330909729: 0.06692245602607727,0.002125056926161051,0,0
6.356635570526123: 0.06692245602607727,-0.006400990299880505,0,0
6.364636182785034: 0.06692245602607727,-0.002137966686859727,0,0
6.386638402938843: 0.06692245602607727,0.002125056926161051,0,0
6.4126410484313965: 0.06692245602607727,-0.006400990299880505,0,0
6.431643009185791: 0.06692245602607727,-0.002137966686859727,0,0
6.4516448974609375: 0.06692245602607727,-0.006400990299880505,0,0
6.475647449493408: 0.06692245602607727,-0.006400990299880505,0,0
6.48464822769165: 0.06692245602607727,0.006388213485479355,0,0
6.509650707244873: 0.06692245602607727,-0.002137966686859727,0,0
6.5256524085998535: 0.06692245602607727,0.002125056926161051,0,0
6.546654462814331: 0.06692245602607727,-0.002137966686859727,0,0
6.574657201766968: 0.06692245602607727,0.002125056926161051,0,0
6.591659069061279: 0.06692245602607727,0.006388213485479355,0,0
6.604660272598267: 0.06692245602607727,0.006388213485479355,0,0
6.627662658691406: 0.06692245602607727,-0.006400990299880505,0,0
6.651664972305298: 0.06692245602607727,0.002125056926161051,0,0
6.671667098999023: 0.06692245602607727,-0.002137966686859727,0,0
6.687668561935425: 0.06692245602607727,-0.006400990299880505,0,0
6.7156713008880615: 0.06692245602607727,-0.002137966686859727,0,0
6.724672317504883: 0.06692245602607727,-0.002137966686859727,0,0
6.756675481796265: 0.06692245602607727,-0.002137966686859727,0,0
6.766676425933838: 0.06692245602607727,-0.006400990299880505,0,0
6.7876787185668945: 0.06692245602607727,-0.002137966686859727,0,0
6.815681457519531: 0.06692245602607727,-0.006400990299880505,0,0
6.824682235717773: 0.06692245602607727,-0.002137966686859727,0,0
6.851685047149658: 0.06692245602607727,-0.002137966686859727,0,0
6.869686841964722: 0.06692245602607727,-0.014927170239388943,0,0
6.887688636779785: 0.06692245602607727,-0.002137966686859727,0,0
6.910690784454346: 0.06692245602607727,0.014914393424987793,0,0
6.934693336486816: 0.06692245602607727,0.01917741633951664,0,0
6.94469428062439: 0.06692245602607727,0.010651237331330776,0,0
6.967696666717529: 0.06692245602607727,0.023440441116690636,0,0
6.989698886871338: 0.06692245602607727,0.010651237331330776,0,0
7.005700349807739: 0.06692245602607727,0.006388213485479355,0,0
7.027702569961548: 0.06692245602607727,-0.006400990299880505,0,0
7.055705308914185: 0.06692245602607727,-0.002137966686859727,0,0
7.064706325531006: 0.06692245602607727,-0.002137966686859727,0,0
7.085708379745483: 0.06692245602607727,-0.002137966686859727,0,0
7.106710433959961: 0.06692245602607727,-0.006400990299880505,0,0
7.131712913513184: 0.06692245602607727,0.002125056926161051,0,0
7.146714448928833: 0.06692245602607727,0.002125056926161051,0,0
7.1657164096832275: 0.06692245602607727,0.006388213485479355,0,0
7.184718370437622: 0.06692245602607727,-0.002137966686859727,0,0
7.211720943450928: 0.06692245602607727,0.002125056926161051,0,0
7.224722385406494: 0.06692245602607727,0.006388213485479355,0,0
7.2517249584198: 0.06692245602607727,-0.002137966686859727,0,0
7.265726327896118: 0.06692245602607727,-0.006400990299880505,0,0
7.284728288650513: 0.06692245602607727,-0.006400990299880505,0,0
7.308730602264404: 0.06692245602607727,-0.002137966686859727,0,0
7.329732894897461: 0.06692245602607727,-0.006400990299880505,0,0
7.346734523773193: 0.06692245602607727,0.002125056926161051,0,0
7.371737003326416: 0.06692245602607727,-0.006400990299880505,0,0
7.384738206863403: 0.06692245602607727,-0.002137966686859727,0,0
7.411741018295288: 0.06692245602607727,-0.002137966686859727,0,0
7.4277427196502686: 0.06692245602607727,-0.002137966686859727,0,0
7.447744607925415: 0.06692245602607727,0.002125056926161051,0,0
7.468746662139893: 0.06692245602607727,0.006388213485479355,0,0
7.488748788833618: 0.06692245602607727,0.002125056926161051,0,0
7.5047502517700195: 0.06692245602607727,-0.006400990299880505,0,0
7.526752471923828: 0.06692245602607727,-0.002137966686859727,0,0
7.548754692077637: 0.06692245602607727,-0.010664146393537521,0,0
7.571757078170776: 0.06692245602607727,0.002125056926161051,0,0
7.585758447647095: 0.06692245602607727,-0.006400990299880505,0,0
7.608760595321655: 0.06692245602607727,-0.002137966686859727,0,0
7.624762296676636: 0.06692245602607727,0.010651237331330776,0,0
7.6517651081085205: 0.06692245602607727,-0.006400990299880505,0,0
7.667766571044922: 0.06692245602607727,-0.002137966686859727,0,0
7.688768625259399: 0.06692245602607727,-0.002137966686859727,0,0
7.708770751953125: 0.06692245602607727,-0.002137966686859727,0,0
7.724772214889526: 0.06692245602607727,-0.006400990299880505,0,0
7.752775192260742: 0.06692245602607727,0.002125056926161051,0,0
7.7687766551971436: 0.06692245602607727,0.002125056926161051,0,0
7.787778615951538: 0.06692245602607727,-0.006400990299880505,0,0
7.813781261444092: 0.06692245602607727,-0.002137966686859727,0,0
7.824782371520996: 0.06692245602607727,-0.006400990299880505,0,0
7.847784519195557: 0.06692245602607727,-0.006400990299880505,0,0
7.867786645889282: 0.06692245602607727,-0.002137966686859727,0,0
7.897789716720581: 0.06692245602607727,-0.002137966686859727,0,0
7.9147913455963135: 0.06692245602607727,-0.006400990299880505,0,0
7.924792289733887: 0.06692245602607727,-0.002137966686859727,0,0
7.9517951011657715: 0.06692245602607727,-0.006400990299880505,0,0
7.966796398162842: 0.06692245602607727,0.002125056926161051,0,0
7.987798690795898: 0.06692245602607727,-0.002137966686859727,0,0
8.006800413131714: 0.06692245602607727,-0.006400990299880505,0,0
8.031802892684937: 0.06692245602607727,-0.002137966686859727,0,0
8.044804334640503: 0.06692245602607727,-0.006400990299880505,0,0
8.070806980133057: 0.06692245602607727,-0.002137966686859727,0,0
8.085808515548706: 0.06692245602607727,-0.002137966686859727,0,0
8.105810403823853: 0.06692245602607727,0.006388213485479355,0,0
8.13481330871582: 0.06692245602607727,-0.002137966686859727,0,0
8.144814252853394: 0.06692245602607727,-0.010664146393537521,0,0
8.171817064285278: 0.06692245602607727,0.002125056926161051,0,0
8.189818859100342: 0.06692245602607727,0.002125056926161051,0,0
8.21082091331482: 0.06692245602607727,-0.002137966686859727,0,0
8.239823818206787: 0.06692245602607727,0.002125056926161051,0,0
8.244824409484863: 0.06692245602607727,-0.002137966686859727,0,0
8.269826889038086: 0.06692245602607727,-0.002137966686859727,0,0
8.291829109191895: 0.06692245602607727,-0.006400990299880505,0,0
8.31083083152771: 0.06692245602607727,0.006388213485479355,0,0
8.32583236694336: 0.06692245602607727,0.002125056926161051,0,0
8.352835178375244: 0.06692245602607727,-0.002137966686859727,0,0
8.3648362159729: 0.06692245602607727,-0.006400990299880505,0,0
8.388838768005371: 0.06692245602607727,0.006388213485479355,0,0
8.404840230941772: 0.06692245602607727,-0.002137966686859727,0,0
8.428842782974243: 0.06692245602607727,-0.006400990299880505,0,0
8.455845355987549: 0.06692245602607727,0.002125056926161051,0,0
8.46484637260437: 0.06692245602607727,-0.002137966686859727,0,0
8.491848945617676: 0.06692245602607727,-0.010664146393537521,0,0
8.51085090637207: 0.06692245602607727,-0.002137966686859727,0,0
8.528852701187134: 0.06692245602607727,-0.010664146393537521,0,0
8.56385612487793: 0.06692245602607727,-0.010664146393537521,0,0
8.56485629081726: 0.06692245602607727,-0.006400990299880505,0,0
8.584858417510986: 0.06692245602607727,-0.006400990299880505,0,0
8.605860471725464: 0.06692245602607727,-0.002137966686859727,0,0
8.638863801956177: 0.06692245602607727,-0.006400990299880505,0,0
8.645864486694336: 0.06692245602607727,0.002125056926161051,0,0
8.67186689376831: 0.06692245602607727,-0.006400990299880505,0,0
8.684868335723877: 0.06692245602607727,-0.006400990299880505,0,0
8.705870389938354: 0.06692245602607727,-0.002137966686859727,0,0
8.72587251663208: 0.06692245602607727,-0.006400990299880505,0,0
8.757875680923462: 0.06692245602607727,-0.006400990299880505,0,0
8.765876293182373: 0.06692245602607727,0.002125056926161051,0,0
8.787878513336182: 0.06692245602607727,-0.014927170239388943,0,0
8.804880380630493: 0.06692245602607727,-0.002137966686859727,0,0
8.827882528305054: 0.06692245602607727,-0.002137966686859727,0,0
8.844884395599365: 0.06692245602607727,0.002125056926161051,0,0
8.864886283874512: 0.06692245602607727,0.006388213485479355,0,0
8.884888410568237: 0.06692245602607727,0.002125056926161051,0,0
8.905890464782715: 0.06692245602607727,0.002125056926161051,0,0
8.92489218711853: 0.06692245602607727,-0.006400990299880505,0,0
8.945894479751587: 0.06692245602607727,-0.002137966686859727,0,0
8.964896202087402: 0.06692245602607727,-0.002137966686859727,0,0
8.984898328781128: 0.06692245602607727,-0.006400990299880505,0,0
9.006900548934937: 0.06692245602607727,0.002125056926161051,0,0
9.02490234375: 0.06692245602607727,0.014914393424987793,0,0
9.048904657363892: 0.06692245602607727,0.027703596279025078,0,0
9.067906618118286: 0.06692245602607727,-0.006400990299880505,0,0
9.089908838272095: 0.06692245602607727,0.002125056926161051,0,0
9.10891079902649: 0.06692245602607727,0.027703596279025078,0,0
9.12491226196289: 0.06692245602607727,-0.010664146393537521,0,0
9.148914813995361: 0.06692245602607727,-0.002137966686859727,0,0
9.169916868209839: 0.06692245602607727,-0.006400990299880505,0,0
9.186918497085571: 0.06692245602607727,-0.002137966686859727,0,0
9.20892071723938: 0.06692245602607727,-0.006400990299880505,0,0
9.22492241859436: 0.06692245602607727,-0.002137966686859727,0,0
9.24692440032959: 0.06692245602607727,-0.014927170239388943,0,0
9.268926620483398: 0.06692245602607727,-0.010664146393537521,0,0
9.287928581237793: 0.06692245602607727,-0.014927170239388943,0,0
9.312931060791016: 0.06692245602607727,-0.023453349247574806,0,0
9.324932336807251: 0.06692245602607727,-0.031979531049728394,0,0
9.348934650421143: 0.06692245602607727,-0.01919032633304596,0,0
9.365936517715454: 0.06692245602607727,-0.027716374024748802,0,0
9.386938571929932: 0.06692245602607727,-0.027716374024748802,0,0
9.406940460205078: 0.06692245602607727,-0.01919032633304596,0,0
9.428942680358887: 0.06692245602607727,-0.010664146393537521,0,0
9.444944381713867: 0.06692245602607727,-0.014927170239388943,0,0
9.471946954727173: 0.06692245602607727,-0.023453349247574806,0,0
9.49294900894165: 0.06692245602607727,-0.023453349247574806,0,0
9.5079505443573: 0.06692245602607727,-0.002137966686859727,0,0
9.533953189849854: 0.06692245602607727,0.002125056926161051,0,0
9.544954299926758: 0.06692245602607727,-0.006400990299880505,0,0
9.573957204818726: 0.06692245602607727,0.002125056926161051,0,0
9.589958906173706: 0.06692245602607727,-0.002137966686859727,0,0
9.614961385726929: 0.06692245602607727,-0.002137966686859727,0,0
9.633963108062744: 0.06692245602607727,-0.002137966686859727,0,0
9.644964218139648: 0.06692245602607727,-0.006400990299880505,0,0
9.672967195510864: 0.06692245602607727,-0.002137966686859727,0,0
9.690968990325928: 0.06692245602607727,-0.002137966686859727,0,0
9.706970453262329: 0.06692245602607727,-0.006400990299880505,0,0
9.732973098754883: 0.06692245602607727,-0.010664146393537521,0,0
9.763976097106934: 0.06692245602607727,0.002125056926161051,0,0
9.764976263046265: 0.06692245602607727,-0.002137966686859727,0,0
9.78497838973999: 0.06692245602607727,0.002125056926161051,0,0
9.811980962753296: 0.06692245602607727,-0.002137966686859727,0,0
9.832983016967773: 0.06692245602607727,-0.002137966686859727,0,0
9.848984718322754: 0.06692245602607727,-0.002137966686859727,0,0
9.874987363815308: 0.06692245602607727,-0.006400990299880505,0,0
9.88498830795288: 0.06692245602607727,-0.006400990299880505,0,0
9.90699052810669: 0.06692245602607727,-0.002137966686859727,0,0
9.936993598937988: 0.06692245602607727,0.002125056926161051,0,0
9.949994802474976: 0.06692245602607727,-0.002137966686859727,0,0
9.974997282028198: 0.06692245602607727,-0.006400990299880505,0,0
9.984998226165771: 0.06692245602607727,-0.006400990299880505,0,0
10.00700044631958: 0.06692245602607727,-0.006400990299880505,0,0
10.033003091812134: 0.06692245602607727,-0.002137966686859727,0,0
10.050004720687866: 0.06692245602607727,-0.002137966686859727,0,0
10.06900668144226: 0.06692245602607727,-0.010664146393537521,0,0
10.095009326934814: 0.06692245602607727,-0.002137966686859727,0,0
10.105010271072388: 0.06692245602607727,0.002125056926161051,0,0
10.134013175964355: 0.06692245602607727,-0.006400990299880505,0,0
10.14501428604126: 0.06692245602607727,0.002125056926161051,0,0
10.172017097473145: 0.06692245602607727,-0.010664146393537521,0,0
10.186018466949463: 0.06692245602607727,-0.006400990299880505,0,0
10.210020780563354: 0.06692245602607727,-0.002137966686859727,0,0
10.225022315979004: 0.06692245602607727,0.002125056926161051,0,0
10.250024795532227: 0.06692245602607727,0.002125056926161051,0,0
10.270026683807373: 0.06692245602607727,-0.006400990299880505,0,0
10.287028551101685: 0.06692245602607727,-0.002137966686859727,0,0
10.307030439376831: 0.06692245602607727,0.002125056926161051,0,0
10.327032566070557: 0.06692245602607727,0.002125056926161051,0,0
10.344034194946289: 0.06692245602607727,-0.002137966686859727,0,0
10.374037265777588: 0.06692245602607727,-0.006400990299880505,0,0
10.392039060592651: 0.06692245602607727,0.002125056926161051,0,0
10.423042058944702: 0.06692245602607727,-0.006400990299880505,0,0
10.427042484283447: 0.06692245602607727,-0.006400990299880505,0,0
10.44504427909851: 0.06692245602607727,0.002125056926161051,0,0
10.46804666519165: 0.06692245602607727,-0.002137966686859727,0,0
Simulator log terminated at 2015-06-18 17:33:51 UTC
