Simulator log started at 2015-06-18 12:41:46 UTC
0.0030002593994140625: -0.395,-0.4967,0.0,1
0.0240023136138916: -0.4006,-0.4029,0.0,1
0.04500460624694824: -0.4089,-0.3006,0.0,1
0.0720071792602539: -0.4116,-0.2579,0.0,1
0.08800888061523438: -0.4144,-0.1045,0.0,1
0.10401034355163574: -0.4144,-0.0021,0.0,1
0.12201213836669922: -0.4144,0.0831,0.0,1
0.14701461791992188: -0.4116,0.1471,0.0,1
0.18101811408996582: -0.4089,0.1897,0.0,1
0.18201828002929688: -0.4033,0.2707,0.0,1
0.2120211124420166: -0.395,0.3901,0.0,1
0.22202229499816895: -0.3867,0.454,0.0,1
0.2490248680114746: -0.3757,0.5606,0.0,1
0.264026403427124: -0.3618,0.6331,0.0,1
0.29002904891967773: -0.348,0.7268,0.0,1
0.3040304183959961: -0.3314,0.7737,0.0,1
0.3260326385498047: -0.3148,0.842,0.0,1
0.34203410148620605: -0.2982,0.9102,0.0,1
0.3720371723175049: -0.2761,0.94,0.0,1
0.38403844833374023: -0.2567,0.9826,0.0,1
0.42104220390319824: -0.2374,1.0423,0.0,1
0.4240424633026123: -0.2152,1.102,0.0,1
0.45104503631591797: -0.1931,1.1489,0.0,1
0.46204614639282227: -0.171,1.1745,0.0,1
0.4850485324859619: -0.1461,1.2,0.0,1
0.5060505867004395: -0.1239,1.2469,0.0,1
0.525052547454834: -0.099,1.264,0.0,1
0.5470547676086426: -0.0741,1.281,0.0,1
0.5670566558837891: -0.052,1.281,0.0,1
0.5820581912994385: -0.0271,1.281,0.0,1
0.6060605049133301: -0.005,1.2938,0.0,1
0.6260626316070557: 0.0199,1.3109,0.0,1
0.6450645923614502: 0.0448,1.3024,0.0,1
0.6670665740966797: 0.0669,1.3066,0.0,1
0.6820681095123291: 0.0918,1.281,0.0,1
0.7070705890655518: 0.1139,1.2469,0.0,1
0.7230722904205322: 0.1361,1.2128,0.0,1
0.750075101852417: 0.1582,1.1787,0.0,1
0.7690768241882324: 0.1803,1.1617,0.0,1
0.7820782661437988: 0.1997,1.1318,0.0,1
0.8070807456970215: 0.2218,1.0807,0.0,1
0.8230822086334229: 0.2412,1.0466,0.0,1
0.8520851135253906: 0.2606,0.9997,0.0,1
0.8690869808197021: 0.2771,0.9144,0.0,1
0.8820881843566895: 0.2937,0.8718,0.0,1
0.9080908298492432: 0.3103,0.7865,0.0,1
0.9240922927856445: 0.3242,0.7311,0.0,1
0.9470946788787842: 0.338,0.6331,0.0,1
0.9720971584320068: 0.3491,0.5435,0.0,1
0.9820981025695801: 0.3574,0.4029,0.0,1
1.0051004886627197: 0.3629,0.2579,0.0,1
1.0241024494171143: 0.3657,0.1769,0.0,1
1.055105447769165: 0.3657,0.0192,0.0,1
1.0711071491241455: 0.3657,-0.1215,0.0,1
1.092109203338623: 0.3601,-0.1812,0.0,1
1.1021101474761963: 0.3546,-0.3091,0.0,1
1.1221122741699219: 0.3463,-0.4583,0.0,1
1.1451144218444824: 0.3352,-0.535,0.0,1
1.163116216659546: 0.3214,-0.6288,0.0,1
1.1891188621520996: 0.3076,-0.7141,0.0,1
1.2221221923828125: 0.2937,-0.7652,0.0,1
1.2221221923828125: 0.2771,-0.8761,0.0,1
1.242124080657959: 0.2606,-0.9443,0.0,1
1.2641263008117676: 0.2412,-1.0125,0.0,1
1.2951295375823975: 0.2191,-1.0935,0.0,1
1.3051304817199707: 0.1969,-1.1532,0.0,1
1.3391339778900146: 0.1748,-1.2043,0.0,1
1.3421342372894287: 0.1527,-1.2683,0.0,1
1.3621361255645752: 0.1278,-1.3109,0.0,1
1.386138677597046: 0.1029,-1.3791,0.0,1
1.4051403999328613: 0.078,-1.3919,0.0,1
1.4221422672271729: 0.0531,-1.4132,0.0,1
1.4551455974578857: 0.0282,-1.4132,0.0,1
1.462146282196045: 0.0005,-1.4217,0.0,1
1.4861485958099365: -0.0244,-1.426,0.0,1
1.5081508159637451: -0.052,-1.4388,0.0,1
1.5251524448394775: -0.0769,-1.4431,0.0,1
1.5511550903320312: -0.1046,-1.4303,0.0,1
1.5661566257476807: -0.1295,-1.4004,0.0,1
1.582158088684082: -0.1571,-1.3493,0.0,1
1.6061606407165527: -0.182,-1.3109,0.0,1
1.6261625289916992: -0.2042,-1.247,0.0,1
1.6511650085449219: -0.2291,-1.1915,0.0,1
1.6671667098999023: -0.2512,-1.1404,0.0,1
1.6821682453155518: -0.2733,-1.0935,0.0,1
1.7091708183288574: -0.2954,-1.0892,0.0,1
1.7221722602844238: -0.3176,-1.0679,0.0,1
1.7521750926971436: -0.3369,-1.0423,0.0,1
1.769176959991455: -0.3591,-0.9912,0.0,1
1.7821781635284424: -0.3784,-0.9272,0.0,1
1.804180383682251: -0.395,-0.859,0.0,1
1.8241825103759766: -0.4116,-0.8121,0.0,1
1.844184398651123: -0.4254,-0.7396,0.0,1
1.8671867847442627: -0.4393,-0.7013,0.0,1
1.8921892642974854: -0.4531,-0.6245,0.0,1
1.9021902084350586: -0.4642,-0.5947,0.0,1
1.9231922626495361: -0.4725,-0.4967,0.0,1
1.954195499420166: -0.4808,-0.3517,0.0,1
1.9631962776184082: -0.4863,-0.2835,0.0,1
1.9851984977722168: -0.4891,-0.1641,0.0,1
2.0042004585266113: -0.4891,-0.0149,0.0,1
2.022202253341675: -0.4891,0.0959,0.0,1
2.0462045669555664: -0.4863,0.1599,0.0,1
2.073207378387451: -0.4808,0.2238,0.0,1
2.0852084159851074: -0.4752,0.3773,0.0,1
2.1172115802764893: -0.4669,0.4583,0.0,1
2.1222121715545654: -0.4531,0.5776,0.0,1
2.142214298248291: -0.442,0.6672,0.0,1
2.1652164459228516: -0.4254,0.7439,0.0,1
2.2022202014923096: -0.4116,0.8036,0.0,1
2.2062206268310547: -0.3923,0.8931,0.0,1
2.2422242164611816: -0.3729,0.9869,0.0,1
2.2422242164611816: -0.3508,1.0594,0.0,1
2.262226104736328: -0.3286,1.1532,0.0,1
2.2832283973693848: -0.3037,1.2214,0.0,1
2.3092308044433594: -0.2761,1.2938,0.0,1
2.3232321739196777: -0.2484,1.3493,0.0,1
2.3502349853515625: -0.2208,1.3834,0.0,1
2.362236261367798: -0.1931,1.3962,0.0,1
2.3862385749816895: -0.1682,1.4004,0.0,1
2.409240961074829: -0.1405,1.4388,0.0,1
2.4222421646118164: -0.1129,1.4345,0.0,1
2.450244903564453: -0.0852,1.4601,0.0,1
2.4622461795806885: -0.0576,1.4814,0.0,1
2.484248399734497: -0.0299,1.507,0.0,1
2.5072507858276367: -0.0022,1.4985,0.0,1
2.5302529335021973: 0.0254,1.4985,0.0,1
2.549254894256592: 0.0531,1.4985,0.0,1
2.5692567825317383: 0.0808,1.4985,0.0,1
2.5822582244873047: 0.1056,1.4729,0.0,1
2.6112611293792725: 0.1333,1.4217,0.0,1
2.6222622394561768: 0.1582,1.3876,0.0,1
2.6492648124694824: 0.1831,1.3407,0.0,1
2.672267198562622: 0.208,1.2853,0.0,1
2.6822681427001953: 0.2301,1.2086,0.0,1
2.714271306991577: 0.2523,1.1148,0.0,1
2.7242724895477295: 0.2716,1.0167,0.0,1
2.744274377822876: 0.2882,0.9315,0.0,1
2.774277448654175: 0.3048,0.8078,0.0,1
2.782278299331665: 0.3186,0.7141,0.0,1
2.8042802810668945: 0.3325,0.5734,0.0,1
2.82428240776062: 0.3408,0.5052,0.0,1
2.8442842960357666: 0.3491,0.3773,0.0,1
2.8672866821289062: 0.3546,0.2494,0.0,1
2.8822882175445557: 0.3574,0.1044,0.0,1
2.902290105819702: 0.3574,0.032,0.0,1
2.927292585372925: 0.3574,-0.049,0.0,1
2.9432942867279053: 0.3546,-0.13,0.0,1
2.9622962474823: 0.3491,-0.2494,0.0,1
2.9822981357574463: 0.3435,-0.3006,0.0,1
3.002300262451172: 0.3352,-0.4199,0.0,1
3.0223021507263184: 0.3269,-0.5094,0.0,1
3.0583057403564453: 0.3131,-0.6629,0.0,1
3.0633063316345215: 0.2993,-0.761,0.0,1
3.0953094959259033: 0.2827,-0.8675,0.0,1
3.1023101806640625: 0.2661,-0.9272,0.0,1
3.1373136043548584: 0.244,-1.0167,0.0,1
3.156315565109253: 0.2246,-1.1105,0.0,1
3.1793179512023926: 0.2025,-1.1915,0.0,1
3.1863186359405518: 0.1776,-1.2597,0.0,1
3.203320264816284: 0.1527,-1.3194,0.0,1
3.2223222255706787: 0.1305,-1.345,0.0,1
3.2533252239227295: 0.1029,-1.3791,0.0,1
3.264326333999634: 0.078,-1.426,0.0,1
3.2923293113708496: 0.0503,-1.4729,0.0,1
3.302330255508423: 0.0254,-1.4942,0.0,1
3.341334104537964: -0.0022,-1.49,0.0,1
3.342334270477295: -0.0299,-1.4729,0.0,1
3.3623361587524414: -0.0576,-1.4644,0.0,1
3.38433837890625: -0.0824,-1.4558,0.0,1
3.4033403396606445: -0.1101,-1.4303,0.0,1
3.423342227935791: -0.1378,-1.4217,0.0,1
3.4423441886901855: -0.1627,-1.409,0.0,1
3.462346076965332: -0.1903,-1.409,0.0,1
3.489348888397217: -0.218,-1.3962,0.0,1
3.5053505897521973: -0.2429,-1.3621,0.0,1
3.5243523120880127: -0.2705,-1.3535,0.0,1
3.5463545322418213: -0.2982,-1.3237,0.0,1
3.5623562335968018: -0.3259,-1.2683,0.0,1
3.5853583812713623: -0.348,-1.2001,0.0,1
3.609360933303833: -0.3729,-1.1191,0.0,1
3.6253623962402344: -0.3923,-1.0551,0.0,1
3.650364875793457: -0.4144,-0.9997,0.0,1
3.6623661518096924: -0.431,-0.9059,0.0,1
3.6963696479797363: -0.4476,-0.8164,0.0,1
3.7073707580566406: -0.4614,-0.6885,0.0,1
3.7403740882873535: -0.4725,-0.5435,0.0,1
3.7463746070861816: -0.478,-0.3773,0.0,1
3.7763776779174805: -0.4835,-0.2963,0.0,1
3.7823781967163086: -0.4891,-0.1769,0.0,1
3.8063805103302: -0.4891,-0.0064,0.0,1
3.8243823051452637: -0.4891,0.0831,0.0,1
3.8563857078552246: -0.4863,0.1556,0.0,1
3.86738657951355: -0.4808,0.2153,0.0,1
3.8883888721466064: -0.4752,0.3687,0.0,1
3.902390241622925: -0.4669,0.4199,0.0,1
3.942394256591797: -0.4559,0.5478,0.0,1
3.951395034790039: -0.442,0.616,0.0,1
3.9703969955444336: -0.4282,0.697,0.0,1
3.984398365020752: -0.4144,0.7482,0.0,1
4.0054004192352295: -0.3978,0.8547,0.0,1
4.022402286529541: -0.3784,0.9315,0.0,1
4.047404766082764: -0.3591,1.0125,0.0,1
4.072407245635986: -0.3369,1.0892,0.0,1
4.09040904045105: -0.312,1.1617,0.0,1
4.108410835266113: -0.2871,1.2342,0.0,1
4.122412204742432: -0.2595,1.3066,0.0,1
4.146414518356323: -0.2318,1.3578,0.0,1
4.164416313171387: -0.2042,1.3919,0.0,1
4.1944193840026855: -0.1765,1.4217,0.0,1
4.20542049407959: -0.1488,1.4473,0.0,1
4.2284228801727295: -0.1212,1.4729,0.0,1
4.242424249649048: -0.0935,1.4857,0.0,1
4.276427507400513: -0.0659,1.4899,0.0,1
4.3034303188323975: -0.0382,1.4899,0.0,1
4.307430744171143: -0.0105,1.507,0.0,1
4.325432538986206: 0.0171,1.5027,0.0,1
4.3424341678619385: 0.042,1.4985,0.0,1
4.362436294555664: 0.0697,1.4985,0.0,1
4.385438442230225: 0.0973,1.4942,0.0,1
4.406440496444702: 0.125,1.4686,0.0,1
4.423442363739014: 0.1499,1.4558,0.0,1
4.444444417953491: 0.1776,1.4089,0.0,1
4.462446212768555: 0.2025,1.3493,0.0,1
4.484448432922363: 0.2274,1.281,0.0,1
4.510451078414917: 0.2523,1.2214,0.0,1
4.522452116012573: 0.2744,1.1702,0.0,1
4.54345440864563: 0.2937,1.102,0.0,1
4.56645655632019: 0.3131,1.021,0.0,1
4.582458257675171: 0.3325,0.9229,0.0,1
4.616461515426636: 0.3518,0.8377,0.0,1
4.63546347618103: 0.3657,0.7226,0.0,1
4.649464845657349: 0.3767,0.6245,0.0,1
4.667466640472412: 0.3878,0.5052,0.0,1
4.6824681758880615: 0.3989,0.454,0.0,1
4.7164716720581055: 0.4044,0.3687,0.0,1
4.728472709655762: 0.4127,0.3133,0.0,1
4.754475355148315: 0.4155,0.1769,0.0,1
4.769476890563965: 0.4155,0.0533,0.0,1
4.782478094100952: 0.4182,-0.0277,0.0,1
4.807480812072754: 0.4155,-0.13,0.0,1
4.8284828662872314: 0.4099,-0.2494,0.0,1
4.843484401702881: 0.4044,-0.3261,0.0,1
4.872487306594849: 0.3933,-0.5052,0.0,1
4.882488250732422: 0.3823,-0.6245,0.0,1
4.9044904708862305: 0.3657,-0.7738,0.0,1
4.923492193222046: 0.3491,-0.9016,0.0,1
4.9454944133758545: 0.3269,-1.0423,0.0,1
4.963496208190918: 0.3048,-1.166,0.0,1
4.985498428344727: 0.2799,-1.2512,0.0,1
5.002500295639038: 0.255,-1.2981,0.0,1
5.022502183914185: 0.2301,-1.345,0.0,1
5.050504922866821: 0.2052,-1.3962,0.0,1
5.065506458282471: 0.1776,-1.4601,0.0,1
5.086508512496948: 0.1499,-1.507,0.0,1
5.102510213851929: 0.1195,-1.5326,0.0,1
5.12651252746582: 0.0918,-1.5539,0.0,1
5.153515338897705: 0.0642,-1.5709,0.0,1
5.164516448974609: 0.0365,-1.5795,0.0,1
5.188518762588501: 0.0061,-1.5837,0.0,1
5.202520132064819: -0.0216,-1.5667,0.0,1
5.225522518157959: -0.0493,-1.5539,0.0,1
5.2445244789123535: -0.0769,-1.5198,0.0,1
5.274527311325073: -0.1046,-1.507,0.0,1
5.290529012680054: -0.135,-1.4814,0.0,1
5.302530288696289: -0.1627,-1.4473,0.0,1
5.3225321769714355: -0.1876,-1.4175,0.0,1
5.355535507202148: -0.2152,-1.3621,0.0,1
5.369536876678467: -0.2401,-1.3322,0.0,1
5.386538505554199: -0.2678,-1.3066,0.0,1
5.41054105758667: -0.2927,-1.2725,0.0,1
5.422542095184326: -0.3203,-1.2683,0.0,1
5.443544387817383: -0.3452,-1.2555,0.0,1
5.475547552108765: -0.3701,-1.2256,0.0,1
5.492549180984497: -0.395,-1.1958,0.0,1
5.505550384521484: -0.4171,-1.1617,0.0,1
5.528552770614624: -0.4393,-1.1148,0.0,1
5.542554140090942: -0.4614,-1.0466,0.0,1
5.574557304382324: -0.478,-0.9784,0.0,1
5.5825581550598145: -0.4974,-0.8974,0.0,1
5.605560541152954: -0.5112,-0.778,0.0,1
5.623562335968018: -0.525,-0.6501,0.0,1
5.654565334320068: -0.5361,-0.5222,0.0,1
5.662566184997559: -0.5416,-0.3432,0.0,1
5.689568996429443: -0.5472,-0.2792,0.0,1
5.706570625305176: -0.5499,-0.1258,0.0,1
5.72557258605957: -0.5499,0.0234,0.0,1
5.756575584411621: -0.5499,0.113,0.0,1
5.762576103210449: -0.5444,0.2068,0.0,1
5.789578914642334: -0.5389,0.2536,0.0,1
5.805580377578735: -0.5306,0.4796,0.0,1
5.822582244873047: -0.5195,0.518,0.0,1
5.842584133148193: -0.5084,0.6458,0.0,1
5.862586259841919: -0.4918,0.7951,0.0,1
5.882588148117065: -0.4752,0.8547,0.0,1
5.902590274810791: -0.4559,0.9997,0.0,1
5.9225921630859375: -0.4337,1.0466,0.0,1
5.943594217300415: -0.4116,1.1532,0.0,1
5.963596343994141: -0.3867,1.2256,0.0,1
5.982598304748535: -0.3591,1.3322,0.0,1
6.002600193023682: -0.3314,1.3962,0.0,1
6.022602081298828: -0.301,1.4729,0.0,1
6.046604633331299: -0.2678,1.5454,0.0,1
6.0626060962677: -0.2374,1.5454,0.0,1
6.10161018371582: -0.2069,1.605,0.0,1
6.102610111236572: -0.1765,1.5837,0.0,1
6.122612237930298: -0.1461,1.5965,0.0,1
6.1446144580841064: -0.1129,1.5965,0.0,1
6.172617197036743: -0.0852,1.5795,0.0,1
6.1846184730529785: -0.0548,1.5411,0.0,1
6.206620693206787: -0.0299,1.4985,0.0,1
6.2226221561431885: -0.0022,1.4473,0.0,1
6.252625226974487: 0.0227,1.4047,0.0,1
6.263626337051392: 0.0476,1.3493,0.0,1
6.286628484725952: 0.0725,1.3237,0.0,1
6.303630352020264: 0.0973,1.2768,0.0,1
6.32363224029541: 0.1167,1.2256,0.0,1
6.342634201049805: 0.1388,1.1702,0.0,1
6.3736371994018555: 0.161,1.1148,0.0,1
6.385638475418091: 0.1803,1.102,0.0,1
6.419641971588135: 0.1997,1.0849,0.0,1
6.422642230987549: 0.2218,1.0508,0.0,1
6.4496448040008545: 0.2412,1.0167,0.0,1
6.462646245956421: 0.2606,0.9613,0.0,1
6.488648891448975: 0.2771,0.8803,0.0,1
6.505650520324707: 0.291,0.8292,0.0,1
6.5226521492004395: 0.3076,0.7695,0.0,1
6.545654535293579: 0.3214,0.7098,0.0,1
6.572657108306885: 0.3325,0.5734,0.0,1
6.582658290863037: 0.3435,0.5052,0.0,1
6.605660438537598: 0.3518,0.373,0.0,1
6.623662233352661: 0.3546,0.1854,0.0,1
6.644664287567139: 0.3546,0.0149,0.0,1
6.665666580200195: 0.3546,-0.1045,0.0,1
6.695669412612915: 0.3518,-0.1812,0.0,1
6.702670097351074: 0.3463,-0.2409,0.0,1
6.728672742843628: 0.338,-0.356,0.0,1
6.7486748695373535: 0.3297,-0.4753,0.0,1
6.781678199768066: 0.3159,-0.6288,0.0,1
6.788678884506226: 0.302,-0.7695,0.0,1
6.805680513381958: 0.2854,-0.859,0.0,1
6.82268214225769: 0.2688,-0.9528,0.0,1
6.851685047149658: 0.2495,-1.0381,0.0,1
6.8626861572265625: 0.2274,-1.1063,0.0,1
6.889688968658447: 0.2052,-1.1873,0.0,1
6.90669059753418: 0.1803,-1.2683,0.0,1
6.92269229888916: 0.1554,-1.3706,0.0,1
6.951695203781128: 0.1305,-1.4516,0.0,1
6.9726972579956055: 0.1029,-1.5241,0.0,1
6.989698886871338: 0.0752,-1.5539,0.0,1
7.00670051574707: 0.0476,-1.5368,0.0,1
7.022702217102051: 0.0199,-1.5454,0.0,1
7.0497047901153564: -0.0105,-1.5795,0.0,1
7.072707176208496: -0.041,-1.5923,0.0,1
7.09070897102356: -0.0686,-1.5667,0.0,1
7.107710599899292: -0.0963,-1.5368,0.0,1
7.122712135314941: -0.1239,-1.4985,0.0,1
7.143714189529419: -0.1516,-1.4772,0.0,1
7.171717166900635: -0.1793,-1.4473,0.0,1
7.195719480514526: -0.2069,-1.4217,0.0,1
7.22172212600708: -0.2346,-1.3876,0.0,1
7.222722291946411: -0.2622,-1.345,0.0,1
7.242724180221558: -0.2899,-1.3237,0.0,1
7.26772665977478: -0.3148,-1.2896,0.0,1
7.29072904586792: -0.3397,-1.247,0.0,1
7.316731691360474: -0.3646,-1.2001,0.0,1
7.32873272895813: -0.3895,-1.1745,0.0,1
7.342734098434448: -0.4116,-1.1361,0.0,1
7.373737335205078: -0.4337,-1.0977,0.0,1
7.384738445281982: -0.4559,-1.0594,0.0,1
7.40574049949646: -0.4752,-1.0082,0.0,1
7.423742294311523: -0.4918,-0.9059,0.0,1
7.444744348526001: -0.5084,-0.7908,0.0,1
7.4627461433410645: -0.5195,-0.6203,0.0,1
7.490748882293701: -0.5278,-0.4284,0.0,1
7.504750490188599: -0.5333,-0.275,0.0,1
7.52875280380249: -0.5361,-0.049,0.0,1
7.542754173278809: -0.5333,0.0959,0.0,1
7.565756559371948: -0.5306,0.2195,0.0,1
7.582758188247681: -0.5223,0.3645,0.0,1
7.603760242462158: -0.514,0.5137,0.0,1
7.627762794494629: -0.5001,0.6373,0.0,1
7.656765699386597: -0.4863,0.8036,0.0,1
7.664766311645508: -0.4669,0.9315,0.0,1
7.684768438339233: -0.4476,1.0381,0.0,1
7.702770233154297: -0.4254,1.1446,0.0,1
7.722772121429443: -0.4006,1.2299,0.0,1
7.749774932861328: -0.3729,1.3194,0.0,1
7.7637763023376465: -0.3452,1.3834,0.0,1
7.790778875350952: -0.3148,1.4516,0.0,1
7.8027801513671875: -0.2844,1.507,0.0,1
7.824782371520996: -0.2512,1.5667,0.0,1
7.845784425735474: -0.2208,1.6008,0.0,1
7.8737874031066895: -0.1876,1.6349,0.0,1
7.886788606643677: -0.1544,1.6519,0.0,1
7.905790567398071: -0.1239,1.686,0.0,1
7.922792196273804: -0.0907,1.7201,0.0,1
7.943794250488281: -0.0603,1.7201,0.0,1
7.966796636581421: -0.0271,1.7159,0.0,1
7.9887988567352295: 0.0033,1.6946,0.0,1
8.007800579071045: 0.0337,1.6647,0.0,1
8.022802114486694: 0.0642,1.6477,0.0,1
8.046804666519165: 0.0946,1.6136,0.0,1
8.07380723953247: 0.1222,1.5539,0.0,1
8.083808183670044: 0.1499,1.507,0.0,1
8.108810901641846: 0.1748,1.443,0.0,1
8.122812271118164: 0.2025,1.3706,0.0,1
8.147814750671387: 0.2274,1.2938,0.0,1
8.163816213607788: 0.2495,1.2171,0.0,1
8.200819969177246: 0.2716,1.1574,0.0,1
8.204820394515991: 0.291,1.0849,0.0,1
8.2268226146698: 0.3103,0.9912,0.0,1
8.242824077606201: 0.3297,0.9229,0.0,1
8.2728271484375: 0.3463,0.8547,0.0,1
8.290828943252563: 0.3629,0.761,0.0,1
8.313831329345703: 0.3767,0.6885,0.0,1
8.324832439422607: 0.3906,0.5904,0.0,1
8.355835437774658: 0.3989,0.5094,0.0,1
8.362836122512817: 0.4072,0.3219,0.0,1
8.388838768005371: 0.4099,0.194,0.0,1
8.405840396881104: 0.4127,0.0149,0.0,1
8.424842357635498: 0.4099,-0.113,0.0,1
8.452845096588135: 0.4072,-0.211,0.0,1
8.47184705734253: 0.3989,-0.373,0.0,1
8.482848167419434: 0.3878,-0.4924,0.0,1
8.508850812911987: 0.3767,-0.6501,0.0,1
8.522852182388306: 0.3601,-0.761,0.0,1
8.542854309082031: 0.3435,-0.8803,0.0,1
8.566856622695923: 0.3242,-0.9869,0.0,1
8.588858842849731: 0.302,-1.0935,0.0,1
8.60286021232605: 0.2799,-1.2001,0.0,1
8.639863967895508: 0.255,-1.3152,0.0,1
8.65686559677124: 0.2274,-1.4004,0.0,1
8.675867557525635: 0.1997,-1.4772,0.0,1
8.697869777679443: 0.172,-1.5283,0.0,1
8.70287013053894: 0.1416,-1.5709,0.0,1
8.721872091293335: 0.1139,-1.6008,0.0,1
8.745874404907227: 0.0835,-1.6264,0.0,1
8.776877641677856: 0.0531,-1.6392,0.0,1
8.789878845214844: 0.0227,-1.669,0.0,1
8.806880474090576: -0.0078,-1.6903,0.0,1
8.822882175445557: -0.0382,-1.6988,0.0,1
8.84788465499878: -0.0686,-1.6946,0.0,1
8.865886449813843: -0.099,-1.6733,0.0,1
8.882888078689575: -0.1295,-1.6392,0.0,1
8.9028902053833: -0.1599,-1.6051,0.0,1
8.92489242553711: -0.1903,-1.5667,0.0,1
8.942894220352173: -0.2208,-1.5198,0.0,1
8.96289610862732: -0.2512,-1.4644,0.0,1
8.982898235321045: -0.2788,-1.409,0.0,1
9.003900289535522: -0.3065,-1.3535,0.0,1
9.023902177810669: -0.3314,-1.2938,0.0,1
9.050904989242554: -0.3591,-1.2342,0.0,1
9.061906099319458: -0.3812,-1.1787,0.0,1
9.087908744812012: -0.4033,-1.1191,0.0,1
9.103910207748413: -0.4254,-1.0551,0.0,1
9.125912427902222: -0.4448,-1.004,0.0,1
9.143914222717285: -0.4642,-0.9272,0.0,1
9.17091703414917: -0.4808,-0.8718,0.0,1
9.181918144226074: -0.4946,-0.778,0.0,1
9.222922086715698: -0.5084,-0.68,0.0,1
9.22392225265503: -0.5195,-0.5734,0.0,1
9.246924638748169: -0.5278,-0.4284,0.0,1
9.264926433563232: -0.5361,-0.3133,0.0,1
9.289928913116455: -0.5361,-0.113,0.0,1
9.302930116653442: -0.5361,0.032,0.0,1
9.328932762145996: -0.5333,0.1556,0.0,1
9.34693455696106: -0.5306,0.2579,0.0,1
9.371937036514282: -0.5223,0.3304,0.0,1
9.386938571929932: -0.514,0.4753,0.0,1
9.409940958023071: -0.5029,0.5734,0.0,1
9.422942161560059: -0.4891,0.7396,0.0,1
9.4619460105896: -0.4725,0.8377,0.0,1
9.467946767807007: -0.4531,0.9741,0.0,1
9.486948490142822: -0.431,1.0551,0.0,1
9.50895071029663: -0.4089,1.1446,0.0,1
9.524952411651611: -0.384,1.2469,0.0,1
9.541954040527344: -0.3591,1.3237,0.0,1
9.581958055496216: -0.3286,1.4089,0.0,1
9.590959072113037: -0.2982,1.4644,0.0,1
9.606960535049438: -0.2678,1.4942,0.0,1
9.62396240234375: -0.2374,1.5411,0.0,1
9.658965826034546: -0.2069,1.5624,0.0,1
9.66196608543396: -0.1765,1.588,0.0,1
9.681968212127686: -0.1461,1.6136,0.0,1
9.706970691680908: -0.1129,1.6221,0.0,1
9.72397232055664: -0.0824,1.6391,0.0,1
9.744974374771118: -0.052,1.6349,0.0,1
9.76997685432434: -0.0216,1.6264,0.0,1
9.781978130340576: 0.0061,1.6178,0.0,1
9.806980609893799: 0.0365,1.5965,0.0,1
9.832983255386353: 0.0669,1.5837,0.0,1
9.844984292984009: 0.0946,1.5539,0.0,1
9.863986253738403: 0.1222,1.4985,0.0,1
9.888988733291626: 0.1471,1.443,0.0,1
9.901990175247192: 0.1748,1.362,0.0,1
9.931993007659912: 0.1969,1.2981,0.0,1
9.950994968414307: 0.2218,1.2299,0.0,1
9.96899676322937: 0.244,1.1617,0.0,1
9.98499846458435: 0.2661,1.1148,0.0,1
10.006000518798828: 0.2854,1.0636,0.0,1
10.02200198173523: 0.3048,1.021,0.0,1
10.04500436782837: 0.3242,0.9698,0.0,1
10.072007179260254: 0.3435,0.9102,0.0,1
10.093009233474731: 0.3601,0.8462,0.0,1
10.10801076889038: 0.374,0.7951,0.0,1
10.1220121383667: 0.3906,0.7055,0.0,1
10.155015468597412: 0.4016,0.6245,0.0,1
10.17601752281189: 0.4127,0.5052,0.0,1
10.187018632888794: 0.4182,0.3219,0.0,1
10.206020593643188: 0.4238,0.2068,0.0,1
10.23702359199524: 0.4265,0.0874,0.0,1
10.242024183273315: 0.4265,-0.0746,0.0,1
10.264026403427124: 0.421,-0.1727,0.0,1
10.287028551101685: 0.4155,-0.3304,0.0,1
10.308030605316162: 0.4044,-0.5052,0.0,1
10.335033416748047: 0.3933,-0.6459,0.0,1
10.347034692764282: 0.3767,-0.7738,0.0,1
10.362035989761353: 0.3601,-0.9059,0.0,1
10.389038801193237: 0.338,-1.0338,0.0,1
10.410040855407715: 0.3159,-1.1446,0.0,1
10.423042297363281: 0.291,-1.2384,0.0,1
10.443044185638428: 0.2661,-1.345,0.0,1
10.473047256469727: 0.2384,-1.426,0.0,1
10.482048034667969: 0.2108,-1.507,0.0,1
10.513051271438599: 0.1803,-1.5752,0.0,1
10.524052381515503: 0.1499,-1.6434,0.0,1
10.550054788589478: 0.1195,-1.6818,0.0,1
10.566056489944458: 0.0891,-1.7074,0.0,1
10.585058450698853: 0.0586,-1.7244,0.0,1
10.602060079574585: 0.0254,-1.7202,0.0,1
10.628062725067139: -0.005,-1.7031,0.0,1
10.643064260482788: -0.0354,-1.6733,0.0,1
10.682068109512329: -0.0659,-1.6392,0.0,1
10.686068534851074: -0.0935,-1.6008,0.0,1
10.702069997787476: -0.1239,-1.5752,0.0,1
10.725072383880615: -0.1544,-1.5454,0.0,1
10.749074697494507: -0.182,-1.507,0.0,1
10.765076398849487: -0.2097,-1.4729,0.0,1
10.784078359603882: -0.2401,-1.4303,0.0,1
10.80608057975769: -0.2678,-1.4004,0.0,1
10.822082042694092: -0.2954,-1.3706,0.0,1
10.847084522247314: -0.3231,-1.3152,0.0,1
10.872087001800537: -0.348,-1.2683,0.0,1
10.888088703155518: -0.3729,-1.2129,0.0,1
10.919091701507568: -0.395,-1.1319,0.0,1
10.922092199325562: -0.4144,-1.0551,0.0,1
10.942094087600708: -0.4337,-0.9912,0.0,1
Simulator log terminated at 2015-06-18 12:41:57 UTC
