Simulator log started at 2015-06-18 12:39:23 UTC
0.0010001659393310547: -0.2152,0.4583,0.0,1
0.010001182556152344: -0.2097,0.4966,0.0,1
0.03300333023071289: -0.2042,0.4625,0.0,1
0.03700375556945801: -0.2014,0.4796,0.0,1
0.043004512786865234: -0.1959,0.4839,0.0,1
0.05100512504577637: -0.1931,0.4412,0.0,1
0.05800580978393555: -0.1876,0.4497,0.0,1
0.07700777053833008: -0.182,0.4455,0.0,1
0.08500862121582031: -0.1793,0.4242,0.0,1
0.09200930595397949: -0.1765,0.4156,0.0,1
0.11101126670837402: -0.171,0.4583,0.0,1
0.11101126670837402: -0.1654,0.4711,0.0,1
0.11701178550720215: -0.1627,0.454,0.0,1
0.1270127296447754: -0.1571,0.4625,0.0,1
0.13901400566101074: -0.1516,0.4796,0.0,1
0.16001605987548828: -0.1488,0.4711,0.0,1
0.17001700401306152: -0.1433,0.4881,0.0,1
0.17201733589172363: -0.1378,0.5307,0.0,1
0.19101929664611816: -0.1322,0.5307,0.0,1
0.20702075958251953: -0.1267,0.5606,0.0,1
0.21502161026000977: -0.1212,0.5862,0.0,1
0.21502161026000977: -0.1156,0.5819,0.0,1
0.21702170372009277: -0.1101,0.6373,0.0,1
0.22702288627624512: -0.1046,0.6586,0.0,1
0.23702383041381836: -0.0963,0.6842,0.0,1
0.2530252933502197: -0.0907,0.7013,0.0,1
0.2580258846282959: -0.0824,0.7226,0.0,1
0.28302836418151855: -0.0769,0.7567,0.0,1
0.29202938079833984: -0.0686,0.7823,0.0,1
0.2950296401977539: -0.0631,0.7823,0.0,1
0.3210322856903076: -0.0548,0.8036,0.0,1
0.3210322856903076: -0.0465,0.8334,0.0,1
0.3210322856903076: -0.0382,0.8547,0.0,1
0.32703280448913574: -0.0299,0.8547,0.0,1
0.337033748626709: -0.0216,0.8718,0.0,1
0.35503554344177246: -0.0133,0.8803,0.0,1
0.3630363941192627: -0.0078,0.8931,0.0,1
0.37103724479675293: 0.0005,0.8888,0.0,1
0.3910391330718994: 0.0088,0.9187,0.0,1
0.40804100036621094: 0.0171,0.9144,0.0,1
0.41404151916503906: 0.0282,0.9187,0.0,1
0.4150416851043701: 0.0365,0.9272,0.0,1
0.43404340744018555: 0.042,0.9357,0.0,1
0.43404340744018555: 0.0531,0.9485,0.0,1
0.4370439052581787: 0.0614,0.9571,0.0,1
0.44704484939575195: 0.0697,0.94,0.0,1
0.4570457935333252: 0.078,0.94,0.0,1
0.4790480136871338: 0.0863,0.9528,0.0,1
0.49104928970336914: 0.0946,0.94,0.0,1
0.49504971504211426: 0.1029,0.9229,0.0,1
0.5020503997802734: 0.1112,0.9102,0.0,1
0.5170516967773438: 0.1195,0.9102,0.0,1
0.5330533981323242: 0.1278,0.9059,0.0,1
0.5350534915924072: 0.1361,0.8803,0.0,1
0.5370538234710693: 0.1444,0.8974,0.0,1
0.5470547676086426: 0.1527,0.8846,0.0,1
0.5570557117462158: 0.161,0.8675,0.0,1
0.5770578384399414: 0.1693,0.8846,0.0,1
0.5800580978393555: 0.1776,0.8761,0.0,1
0.5950596332550049: 0.1859,0.8718,0.0,1
0.6090610027313232: 0.1942,0.8377,0.0,1
0.6170618534088135: 0.1997,0.8505,0.0,1
0.6260626316070557: 0.208,0.8164,0.0,1
0.6480648517608643: 0.2163,0.8036,0.0,1
0.6480648517608643: 0.2246,0.7865,0.0,1
0.6480648517608643: 0.2301,0.778,0.0,1
0.6570658683776855: 0.2384,0.7652,0.0,1
0.6670668125152588: 0.244,0.7354,0.0,1
0.6810681819915771: 0.2523,0.7354,0.0,1
0.6980698108673096: 0.2578,0.7183,0.0,1
0.7000701427459717: 0.2661,0.7098,0.0,1
0.712071418762207: 0.2716,0.6672,0.0,1
0.7290730476379395: 0.2771,0.6501,0.0,1
0.7380738258361816: 0.2827,0.6629,0.0,1
0.7400741577148438: 0.291,0.6373,0.0,1
0.7600760459899902: 0.2965,0.6373,0.0,1
0.7600760459899902: 0.302,0.6075,0.0,1
0.7670767307281494: 0.3076,0.6203,0.0,1
0.7770779132843018: 0.3131,0.5904,0.0,1
0.789078950881958: 0.3186,0.5862,0.0,1
0.7990798950195312: 0.3242,0.5734,0.0,1
0.8180818557739258: 0.3297,0.5435,0.0,1
0.825082540512085: 0.3352,0.5435,0.0,1
0.8420844078063965: 0.3408,0.5563,0.0,1
0.8590860366821289: 0.3463,0.518,0.0,1
0.8610861301422119: 0.3518,0.518,0.0,1
0.8610861301422119: 0.3574,0.4753,0.0,1
0.8670868873596191: 0.3601,0.4242,0.0,1
0.8770878314971924: 0.3657,0.4156,0.0,1
0.899090051651001: 0.3684,0.4114,0.0,1
0.901090145111084: 0.3712,0.356,0.0,1
0.9090909957885742: 0.3767,0.3005,0.0,1
0.939094066619873: 0.3795,0.2835,0.0,1
0.941094160079956: 0.3823,0.275,0.0,1
0.9430944919586182: 0.3823,0.2238,0.0,1
0.9640965461730957: 0.385,0.1428,0.0,1
0.9640965461730957: 0.385,0.0789,0.0,1
0.9670968055725098: 0.385,0.0149,0.0,1
0.977097749710083: 0.385,-0.0277,0.0,1
0.9870986938476562: 0.385,-0.0789,0.0,1
1.0011003017425537: 0.3823,-0.1087,0.0,1
1.017101764678955: 0.3823,-0.1215,0.0,1
1.0201020240783691: 0.3795,-0.1428,0.0,1
1.0311031341552734: 0.3795,-0.1769,0.0,1
1.0451045036315918: 0.3767,-0.1727,0.0,1
1.0621063709259033: 0.374,-0.2153,0.0,1
1.0681068897247314: 0.3712,-0.2622,0.0,1
1.0681068897247314: 0.3684,-0.3304,0.0,1
1.0771079063415527: 0.3629,-0.3943,0.0,1
1.087108850479126: 0.3601,-0.4284,0.0,1
1.1011102199554443: 0.3546,-0.4839,0.0,1
1.1121113300323486: 0.3491,-0.5777,0.0,1
1.1371138095855713: 0.3408,-0.6331,0.0,1
1.1381139755249023: 0.3325,-0.7055,0.0,1
1.1381139755249023: 0.3269,-0.7311,0.0,1
1.1571156978607178: 0.3186,-0.7865,0.0,1
1.160116195678711: 0.3103,-0.8462,0.0,1
1.168116807937622: 0.302,-0.8889,0.0,1
1.1771178245544434: 0.291,-0.9187,0.0,1
1.1871187686920166: 0.2827,-0.9869,0.0,1
1.1971197128295898: 0.2716,-1.0466,0.0,1
1.2131214141845703: 0.2633,-1.0892,0.0,1
1.2221221923828125: 0.2523,-1.1489,0.0,1
1.2321233749389648: 0.2384,-1.1958,0.0,1
1.238123893737793: 0.2274,-1.2299,0.0,1
1.2571258544921875: 0.2163,-1.2768,0.0,1
1.2591259479522705: 0.2025,-1.3066,0.0,1
1.2691268920898438: 0.1886,-1.3407,0.0,1
1.277127742767334: 0.1776,-1.3535,0.0,1
1.2871286869049072: 0.1637,-1.3919,0.0,1
1.2981297969818115: 0.1527,-1.4047,0.0,1
1.3081309795379639: 0.1388,-1.426,0.0,1
1.317131757736206: 0.125,-1.4345,0.0,1
1.3271327018737793: 0.1112,-1.4303,0.0,1
1.3421342372894287: 0.1001,-1.4388,0.0,1
1.348134994506836: 0.0863,-1.4303,0.0,1
1.3581359386444092: 0.0725,-1.4217,0.0,1
1.3701372146606445: 0.0614,-1.4175,0.0,1
1.3771378993988037: 0.0476,-1.4132,0.0,1
1.387138843536377: 0.0365,-1.4047,0.0,1
1.4061408042907715: 0.0227,-1.409,0.0,1
1.424142599105835: 0.0088,-1.4132,0.0,1
1.427142858505249: -0.0022,-1.4175,0.0,1
1.428142786026001: -0.0161,-1.3962,0.0,1
1.4381439685821533: -0.0271,-1.3962,0.0,1
1.4571456909179688: -0.041,-1.409,0.0,1
1.4581458568572998: -0.0548,-1.3919,0.0,1
1.469146966934204: -0.0659,-1.3919,0.0,1
1.4981498718261719: -0.0797,-1.3791,0.0,1
1.4981498718261719: -0.0907,-1.3791,0.0,1
1.4981498718261719: -0.1046,-1.3493,0.0,1
1.5071508884429932: -0.1184,-1.345,0.0,1
1.5171518325805664: -0.1295,-1.3109,0.0,1
1.536153793334961: -0.1433,-1.3066,0.0,1
1.5551555156707764: -0.1544,-1.2811,0.0,1
1.5551555156707764: -0.1654,-1.2597,0.0,1
1.58115816116333: -0.1793,-1.247,0.0,1
1.5901591777801514: -0.1903,-1.2214,0.0,1
1.5991599559783936: -0.2014,-1.2129,0.0,1
1.5991599559783936: -0.2125,-1.183,0.0,1
1.5991599559783936: -0.2235,-1.1617,0.0,1
1.6071608066558838: -0.2346,-1.1404,0.0,1
1.617161750793457: -0.2456,-1.0892,0.0,1
1.6301631927490234: -0.2567,-1.0679,0.0,1
1.6601660251617432: -0.265,-1.0253,0.0,1
1.6671667098999023: -0.2761,-0.9869,0.0,1
1.6701672077178955: -0.2844,-0.9656,0.0,1
1.6701672077178955: -0.2954,-0.9272,0.0,1
1.7081708908081055: -0.3037,-0.8761,0.0,1
1.7081708908081055: -0.312,-0.8633,0.0,1
1.7081708908081055: -0.3203,-0.8036,0.0,1
1.7081708908081055: -0.3286,-0.7695,0.0,1
1.7171719074249268: -0.3342,-0.697,0.0,1
1.7271728515625: -0.3425,-0.6757,0.0,1
1.7411742210388184: -0.348,-0.6032,0.0,1
1.7511751651763916: -0.3535,-0.5478,0.0,1
1.7761776447296143: -0.3563,-0.4711,0.0,1
1.7771778106689453: -0.3618,-0.3816,0.0,1
1.7881789207458496: -0.3646,-0.356,0.0,1
1.7891790866851807: -0.3674,-0.3261,0.0,1
1.808180809020996: -0.3701,-0.2579,0.0,1
1.808180809020996: -0.3701,-0.1812,0.0,1
1.8171818256378174: -0.3701,-0.0959,0.0,1
1.8271827697753906: -0.3701,-0.032,0.0,1
1.841184139251709: -0.3701,0.0192,0.0,1
1.8721873760223389: -0.3701,0.0789,0.0,1
1.8731873035430908: -0.3701,0.113,0.0,1
1.8741874694824219: -0.3674,0.1471,0.0,1
1.8901891708374023: -0.3674,0.1769,0.0,1
1.9081909656524658: -0.3646,0.2068,0.0,1
1.9081909656524658: -0.3618,0.2195,0.0,1
1.9081909656524658: -0.3591,0.2579,0.0,1
1.917191743850708: -0.3563,0.3176,0.0,1
1.9271926879882812: -0.3508,0.3858,0.0,1
1.9431943893432617: -0.348,0.4412,0.0,1
1.954195499420166: -0.3425,0.454,0.0,1
1.9761977195739746: -0.3369,0.4966,0.0,1
1.9781978130340576: -0.3314,0.535,0.0,1
1.9781978130340576: -0.3259,0.5393,0.0,1
1.9951996803283691: -0.3203,0.5691,0.0,1
2.0122013092041016: -0.3148,0.6032,0.0,1
2.0122013092041016: -0.3065,0.6203,0.0,1
2.0172019004821777: -0.301,0.6672,0.0,1
2.027202844619751: -0.2927,0.616,0.0,1
2.0482048988342285: -0.2871,0.7183,0.0,1
2.0582058429718018: -0.2788,0.6927,0.0,1
2.062206268310547: -0.2705,0.761,0.0,1
2.0742075443267822: -0.2622,0.761,0.0,1
2.0822083950042725: -0.2539,0.8036,0.0,1
2.104210615158081: -0.2456,0.8292,0.0,1
2.110211133956909: -0.2374,0.8675,0.0,1
2.1162116527557373: -0.2291,0.8718,0.0,1
2.1172118186950684: -0.2208,0.9187,0.0,1
2.1272127628326416: -0.2097,0.9443,0.0,1
2.137213706970215: -0.2014,0.9613,0.0,1
2.1562156677246094: -0.1931,0.9869,0.0,1
2.1622161865234375: -0.182,1.0039,0.0,1
2.1682169437408447: -0.171,1.021,0.0,1
2.1932194232940674: -0.1627,1.0381,0.0,1
2.1972198486328125: -0.1516,1.0764,0.0,1
2.2002201080322266: -0.1405,1.0722,0.0,1
2.2362236976623535: -0.1295,1.0977,0.0,1
2.2362236976623535: -0.1184,1.1063,0.0,1
2.2362236976623535: -0.1101,1.1276,0.0,1
2.2372238636016846: -0.099,1.1489,0.0,1
2.247224807739258: -0.088,1.1532,0.0,1
2.257225751876831: -0.0769,1.1702,0.0,1
2.2742276191711426: -0.0659,1.183,0.0,1
2.2772278785705566: -0.0548,1.1958,0.0,1
2.29522967338562: -0.0437,1.2086,0.0,1
2.298229932785034: -0.0327,1.2128,0.0,1
2.3172318935394287: -0.0216,1.2299,0.0,1
2.3192319869995117: -0.0105,1.2171,0.0,1
2.3432343006134033: 0.0005,1.2086,0.0,1
2.3432343006134033: 0.0116,1.2256,0.0,1
2.3472347259521484: 0.0227,1.2299,0.0,1
2.357235908508301: 0.0365,1.2342,0.0,1
2.367236852645874: 0.0476,1.2384,0.0,1
2.3872387409210205: 0.0586,1.2384,0.0,1
2.3902390003204346: 0.0697,1.2555,0.0,1
2.398239850997925: 0.0808,1.2384,0.0,1
2.409240961074829: 0.0918,1.2469,0.0,1
2.4212422370910645: 0.1029,1.2597,0.0,1
2.438243865966797: 0.1139,1.2469,0.0,1
2.438243865966797: 0.125,1.2555,0.0,1
2.4672467708587646: 0.1361,1.2512,0.0,1
2.4672467708587646: 0.1499,1.2427,0.0,1
2.4672467708587646: 0.161,1.2299,0.0,1
2.477247714996338: 0.172,1.2342,0.0,1
2.4872488975524902: 0.1831,1.2214,0.0,1
2.5042505264282227: 0.1942,1.2171,0.0,1
2.510251045227051: 0.2052,1.2171,0.0,1
2.522252321243286: 0.2163,1.2043,0.0,1
2.5332534313201904: 0.2301,1.1958,0.0,1
2.5402541160583496: 0.2412,1.183,0.0,1
2.560256004333496: 0.2523,1.1702,0.0,1
2.5632565021514893: 0.2633,1.1787,0.0,1
2.5822582244873047: 0.2744,1.1702,0.0,1
2.5822582244873047: 0.2854,1.1446,0.0,1
2.587258815765381: 0.2965,1.1489,0.0,1
2.597259759902954: 0.3076,1.1063,0.0,1
2.6162617206573486: 0.3159,1.102,0.0,1
2.625262498855591: 0.3269,1.0722,0.0,1
2.6392641067504883: 0.338,1.0466,0.0,1
2.6412642002105713: 0.3491,1.0338,0.0,1
2.6552655696868896: 0.3574,0.9954,0.0,1
2.6772677898406982: 0.3684,0.9613,0.0,1
2.6812682151794434: 0.3767,0.9571,0.0,1
2.6832683086395264: 0.3878,0.9059,0.0,1
2.6872687339782715: 0.3961,0.8633,0.0,1
2.697269916534424: 0.4044,0.8377,0.0,1
2.707270860671997: 0.4127,0.7993,0.0,1
2.7242724895477295: 0.4182,0.778,0.0,1
2.736273765563965: 0.4265,0.7055,0.0,1
2.738273859024048: 0.4348,0.7013,0.0,1
2.7582759857177734: 0.4403,0.6501,0.0,1
2.7622764110565186: 0.4459,0.6288,0.0,1
2.777277708053589: 0.4514,0.5521,0.0,1
2.787278890609741: 0.4569,0.518,0.0,1
2.787278890609741: 0.4625,0.4924,0.0,1
2.7972798347473145: 0.4652,0.4284,0.0,1
2.8072807788848877: 0.4708,0.3773,0.0,1
2.8412842750549316: 0.4735,0.3346,0.0,1
2.8442845344543457: 0.4763,0.275,0.0,1
2.851285219192505: 0.4791,0.2025,0.0,1
2.859286069869995: 0.4791,0.1258,0.0,1
2.8702871799468994: 0.4791,0.0448,0.0,1
2.8712871074676514: 0.4791,-0.0235,0.0,1
2.8832883834838867: 0.4791,-0.0746,0.0,1
2.900290012359619: 0.4763,-0.1258,0.0,1
2.900290012359619: 0.4763,-0.1727,0.0,1
2.9072906970977783: 0.4735,-0.2068,0.0,1
2.9172918796539307: 0.4708,-0.2323,0.0,1
2.9412941932678223: 0.468,-0.2494,0.0,1
2.9422943592071533: 0.4652,-0.3006,0.0,1
2.963296413421631: 0.4597,-0.3688,0.0,1
2.965296506881714: 0.4569,-0.4114,0.0,1
2.974297523498535: 0.4514,-0.4412,0.0,1
2.9872987270355225: 0.4459,-0.4839,0.0,1
2.9922993183135986: 0.4403,-0.5777,0.0,1
3.006300687789917: 0.4348,-0.6075,0.0,1
3.007300853729248: 0.4265,-0.6459,0.0,1
3.0173017978668213: 0.421,-0.6757,0.0,1
3.0273027420043945: 0.4127,-0.6928,0.0,1
3.041304111480713: 0.4044,-0.7396,0.0,1
3.086308717727661: 0.3961,-0.7524,0.0,1
3.0973098278045654: 0.3906,-0.7823,0.0,1
3.0983099937438965: 0.3823,-0.7823,0.0,1
3.1083109378814697: 0.374,-0.842,0.0,1
3.1083109378814697: 0.3629,-0.8675,0.0,1
3.1083109378814697: 0.3546,-0.8974,0.0,1
3.1083109378814697: 0.3463,-0.94,0.0,1
3.117311716079712: 0.3352,-0.9912,0.0,1
3.1273128986358643: 0.3242,-1.021,0.0,1
3.16231632232666: 0.3131,-1.0509,0.0,1
3.1683168411254883: 0.302,-1.0892,0.0,1
3.1703171730041504: 0.291,-1.1148,0.0,1
3.1743175983428955: 0.2799,-1.1532,0.0,1
3.191319227218628: 0.2688,-1.1787,0.0,1
3.192319393157959: 0.2578,-1.1958,0.0,1
3.2063207626342773: 0.2467,-1.2342,0.0,1
3.2193219661712646: 0.2357,-1.2342,0.0,1
3.2193219661712646: 0.2246,-1.2512,0.0,1
3.227322816848755: 0.2108,-1.2725,0.0,1
3.237323760986328: 0.1997,-1.2811,0.0,1
3.2503252029418945: 0.1859,-1.3024,0.0,1
3.272327184677124: 0.1748,-1.3237,0.0,1
3.274327516555786: 0.161,-1.3493,0.0,1
3.2903292179107666: 0.1499,-1.3621,0.0,1
3.2923293113708496: 0.1361,-1.3791,0.0,1
3.309330940246582: 0.1222,-1.3962,0.0,1
3.311331272125244: 0.1112,-1.4132,0.0,1
3.3303329944610596: 0.0973,-1.4303,0.0,1
3.3303329944610596: 0.0835,-1.4388,0.0,1
3.337333917617798: 0.0725,-1.4431,0.0,1
3.347334861755371: 0.0586,-1.4516,0.0,1
3.377337694168091: 0.0448,-1.4516,0.0,1
3.388338804244995: 0.031,-1.4431,0.0,1
3.3913393020629883: 0.0199,-1.4516,0.0,1
3.3953394889831543: 0.0061,-1.4558,0.0,1
3.4093410968780518: -0.0078,-1.4558,0.0,1
3.4113411903381348: -0.0188,-1.4431,0.0,1
3.4373438358306885: -0.0327,-1.4345,0.0,1
3.4373438358306885: -0.0465,-1.409,0.0,1
3.4373438358306885: -0.0576,-1.3876,0.0,1
3.4473447799682617: -0.0714,-1.3748,0.0,1
3.457345724105835: -0.0852,-1.3621,0.0,1
3.4703471660614014: -0.0963,-1.3535,0.0,1
3.491349220275879: -0.1073,-1.3493,0.0,1
3.49234938621521: -0.1212,-1.328,0.0,1
3.5053505897521973: -0.1322,-1.3322,0.0,1
3.5173518657684326: -0.1461,-1.3066,0.0,1
3.527352809906006: -0.1571,-1.2981,0.0,1
3.531353235244751: -0.171,-1.2811,0.0,1
3.5493550300598145: -0.182,-1.264,0.0,1
3.5493550300598145: -0.1959,-1.247,0.0,1
3.5573558807373047: -0.2069,-1.2129,0.0,1
3.567356824874878: -0.218,-1.1915,0.0,1
3.5973598957061768: -0.2291,-1.1745,0.0,1
3.606360673904419: -0.2401,-1.1574,0.0,1
3.613361358642578: -0.2512,-1.1361,0.0,1
3.614361524581909: -0.2622,-1.1105,0.0,1
3.6283628940582275: -0.2733,-1.0892,0.0,1
3.641364097595215: -0.2844,-1.0594,0.0,1
3.647364854812622: -0.2954,-1.0381,0.0,1
3.65336537361145: -0.3037,-0.9784,0.0,1
3.6573657989501953: -0.3148,-0.9571,0.0,1
3.6673667430877686: -0.3231,-0.9187,0.0,1
3.677367687225342: -0.3314,-0.8889,0.0,1
3.6963696479797363: -0.3397,-0.8548,0.0,1
3.717371702194214: -0.348,-0.8249,0.0,1
3.727372884750366: -0.3563,-0.7908,0.0,1
3.7353734970092773: -0.3646,-0.7396,0.0,1
3.7373738288879395: -0.3729,-0.7524,0.0,1
3.7463746070861816: -0.3784,-0.6885,0.0,1
3.7683768272399902: -0.3867,-0.6928,0.0,1
3.7683768272399902: -0.3923,-0.6416,0.0,1
3.7683768272399902: -0.3978,-0.6288,0.0,1
3.7773778438568115: -0.4033,-0.6118,0.0,1
3.7873787879943848: -0.4089,-0.5649,0.0,1
3.8123812675476074: -0.4144,-0.5478,0.0,1
3.8173818588256836: -0.4199,-0.4881,0.0,1
3.8233823776245117: -0.4227,-0.4327,0.0,1
3.8543856143951416: -0.4282,-0.4284,0.0,1
3.8563857078552246: -0.431,-0.3645,0.0,1
3.8573858737945557: -0.4337,-0.2878,0.0,1
3.8583858013153076: -0.4337,-0.2196,0.0,1
3.878387928009033: -0.4365,-0.1556,0.0,1
3.878387928009033: -0.4365,-0.1215,0.0,1
3.8873887062072754: -0.4365,-0.0917,0.0,1
3.8973898887634277: -0.4365,-0.0362,0.0,1
3.9203920364379883: -0.4393,0.0149,0.0,1
3.9343934059143066: -0.4393,0.0533,0.0,1
3.9373939037323: -0.4365,0.0789,0.0,1
3.9383938312530518: -0.4365,0.1172,0.0,1
3.9743974208831787: -0.4337,0.1726,0.0,1
3.978397846221924: -0.431,0.2366,0.0,1
3.978397846221924: -0.4282,0.3048,0.0,1
3.978397846221924: -0.4254,0.3346,0.0,1
3.987398862838745: -0.4227,0.356,0.0,1
3.9973998069763184: -0.4171,0.4156,0.0,1
4.013401508331299: -0.4116,0.5009,0.0,1
4.02140212059021: -0.4061,0.5521,0.0,1
4.0384039878845215: -0.4006,0.5776,0.0,1
4.046404600143433: -0.3923,0.6288,0.0,1
4.06040620803833: -0.3867,0.6629,0.0,1
4.067406892776489: -0.3784,0.7396,0.0,1
4.074407577514648: -0.3701,0.7737,0.0,1
4.09040904045105: -0.3618,0.8334,0.0,1
4.09040904045105: -0.3535,0.8633,0.0,1
4.097409725189209: -0.3425,0.9144,0.0,1
4.107410907745361: -0.3342,0.9571,0.0,1
4.130413055419922: -0.3231,0.9912,0.0,1
4.140413999557495: -0.312,1.0253,0.0,1
4.141414165496826: -0.301,1.0594,0.0,1
4.16741681098938: -0.2899,1.0679,0.0,1
4.171417236328125: -0.2788,1.0977,0.0,1
4.173417329788208: -0.2678,1.1233,0.0,1
4.180418014526367: -0.2539,1.1574,0.0,1
4.1914191246032715: -0.2429,1.183,0.0,1
4.197419881820679: -0.2318,1.1958,0.0,1
4.207420825958252: -0.218,1.2299,0.0,1
4.217421770095825: -0.2069,1.2342,0.0,1
4.2314231395721436: -0.1959,1.2555,0.0,1
4.237423896789551: -0.182,1.2597,0.0,1
4.248425006866455: -0.171,1.264,0.0,1
4.260426044464111: -0.1571,1.2683,0.0,1
4.268426895141602: -0.1461,1.2853,0.0,1
4.277427911758423: -0.1322,1.2981,0.0,1
4.291429281234741: -0.1212,1.3066,0.0,1
4.297429800033569: -0.1073,1.3066,0.0,1
4.307430744171143: -0.0963,1.3237,0.0,1
4.317431688308716: -0.0824,1.3279,0.0,1
4.32843279838562: -0.0714,1.3493,0.0,1
4.3404340744018555: -0.0576,1.3407,0.0,1
4.347434759140015: -0.0465,1.3493,0.0,1
4.358435869216919: -0.0327,1.3706,0.0,1
4.371437311172485: -0.0216,1.3663,0.0,1
4.388438940048218: -0.0078,1.3791,0.0,1
4.415441513061523: 0.0033,1.3663,0.0,1
4.415441513061523: 0.0171,1.3834,0.0,1
4.415441513061523: 0.0282,1.3663,0.0,1
4.4174418449401855: 0.042,1.3663,0.0,1
4.427442789077759: 0.0531,1.3706,0.0,1
4.437443733215332: 0.0669,1.3791,0.0,1
4.4544456005096436: 0.0808,1.3493,0.0,1
4.464446544647217: 0.0918,1.3535,0.0,1
4.487448692321777: 0.1029,1.3407,0.0,1
4.499449968338013: 0.1167,1.3322,0.0,1
4.503450393676758: 0.1278,1.3152,0.0,1
4.505450487136841: 0.1388,1.2938,0.0,1
4.521452188491821: 0.1499,1.2725,0.0,1
4.521452188491821: 0.1637,1.2427,0.0,1
4.527452707290649: 0.1748,1.2214,0.0,1
4.537453889846802: 0.1859,1.2,0.0,1
4.558455944061279: 0.1969,1.1873,0.0,1
4.5654566287994385: 0.208,1.1617,0.0,1
4.571457147598267: 0.2191,1.1532,0.0,1
4.582458257675171: 0.2301,1.1361,0.0,1
4.6044604778289795: 0.2384,1.1191,0.0,1
4.61246132850647: 0.2495,1.0849,0.0,1
4.616461753845215: 0.2606,1.0807,0.0,1
4.625462532043457: 0.2688,1.0466,0.0,1
4.627462863922119: 0.2799,0.9997,0.0,1
4.637463808059692: 0.2882,0.9656,0.0,1
4.647464752197266: 0.2965,0.9229,0.0,1
4.66646671295166: 0.3048,0.8675,0.0,1
4.6774678230285645: 0.3131,0.8547,0.0,1
4.6804680824279785: 0.3214,0.8164,0.0,1
4.700470209121704: 0.3297,0.7865,0.0,1
4.702470302581787: 0.3352,0.7439,0.0,1
4.723472356796265: 0.3435,0.7396,0.0,1
4.725472688674927: 0.3518,0.6885,0.0,1
4.72747278213501: 0.3574,0.6714,0.0,1
4.737473726272583: 0.3629,0.5862,0.0,1
4.747474908828735: 0.3684,0.5649,0.0,1
4.767476797103882: 0.374,0.5052,0.0,1
4.769476890563965: 0.3767,0.4497,0.0,1
4.787478685379028: 0.3823,0.4242,0.0,1
4.78947901725769: 0.385,0.3687,0.0,1
4.798479795455933: 0.3878,0.2963,0.0,1
4.8284828662872314: 0.3906,0.2494,0.0,1
4.8284828662872314: 0.3933,0.2409,0.0,1
4.8284828662872314: 0.3961,0.2451,0.0,1
4.837483882904053: 0.3961,0.2153,0.0,1
4.847484827041626: 0.3989,0.1471,0.0,1
4.8684868812561035: 0.3989,0.0789,0.0,1
4.8684868812561035: 0.3989,0.0149,0.0,1
4.897489786148071: 0.3989,-0.0448,0.0,1
4.899490118026733: 0.3989,-0.0746,0.0,1
4.899490118026733: 0.3989,-0.1215,0.0,1
4.909491062164307: 0.3961,-0.1513,0.0,1
4.938493967056274: 0.3933,-0.1684,0.0,1
4.938493967056274: 0.3933,-0.194,0.0,1
4.938493967056274: 0.3906,-0.2153,0.0,1
4.947494745254517: 0.3878,-0.2707,0.0,1
4.95749568939209: 0.3823,-0.373,0.0,1
4.975497484207153: 0.3767,-0.437,0.0,1
4.997499704360962: 0.374,-0.4711,0.0,1
5.004500389099121: 0.3684,-0.5222,0.0,1
5.012501239776611: 0.3629,-0.5947,0.0,1
5.015501499176025: 0.3546,-0.6331,0.0,1
5.027502775192261: 0.3463,-0.7183,0.0,1
5.027502775192261: 0.338,-0.7652,0.0,1
5.045504570007324: 0.3325,-0.8249,0.0,1
5.047504901885986: 0.3214,-0.859,0.0,1
5.05750584602356: 0.3131,-0.94,0.0,1
5.067506790161133: 0.302,-0.9869,0.0,1
5.094509601593018: 0.291,-1.0722,0.0,1
5.106510639190674: 0.2799,-1.1574,0.0,1
5.108510971069336: 0.2688,-1.2256,0.0,1
5.112511396408081: 0.255,-1.3024,0.0,1
5.122512340545654: 0.244,-1.3578,0.0,1
5.13451361656189: 0.2301,-1.3962,0.0,1
5.14951491355896: 0.2163,-1.4431,0.0,1
5.14951491355896: 0.2025,-1.4729,0.0,1
5.15751576423645: 0.1886,-1.4985,0.0,1
5.167516708374023: 0.1748,-1.507,0.0,1
5.192519187927246: 0.161,-1.5198,0.0,1
5.196519613265991: 0.1471,-1.5198,0.0,1
5.2055206298828125: 0.1305,-1.5411,0.0,1
5.216521739959717: 0.1167,-1.5454,0.0,1
5.228523015975952: 0.1029,-1.5667,0.0,1
5.233523368835449: 0.0891,-1.5837,0.0,1
5.239523887634277: 0.0752,-1.6008,0.0,1
5.256525754928589: 0.0586,-1.6093,0.0,1
5.257525682449341: 0.0448,-1.5965,0.0,1
5.267526865005493: 0.031,-1.5923,0.0,1
5.277527809143066: 0.0144,-1.6051,0.0,1
5.292529344558716: 0.0005,-1.6008,0.0,1
5.315531492233276: -0.0133,-1.5965,0.0,1
5.315531492233276: -0.0271,-1.5837,0.0,1
5.327532768249512: -0.041,-1.5923,0.0,1
5.330533027648926: -0.0548,-1.5795,0.0,1
5.3545355796813965: -0.0714,-1.5454,0.0,1
5.355535507202148: -0.0852,-1.5326,0.0,1
5.376537799835205: -0.099,-1.5027,0.0,1
5.377537727355957: -0.1129,-1.49,0.0,1
5.377537727355957: -0.1267,-1.4601,0.0,1
5.387538909912109: -0.1405,-1.426,0.0,1
5.397539854049683: -0.1516,-1.3919,0.0,1
5.41854190826416: -0.1654,-1.3578,0.0,1
5.436543703079224: -0.1793,-1.3407,0.0,1
5.4415442943573: -0.1903,-1.2981,0.0,1
5.450545072555542: -0.2014,-1.2597,0.0,1
5.4685468673706055: -0.2125,-1.2086,0.0,1
5.474547386169434: -0.2263,-1.183,0.0,1
5.477547883987427: -0.2374,-1.1446,0.0,1
5.477547883987427: -0.2484,-1.102,0.0,1
5.487548828125: -0.2567,-1.0764,0.0,1
5.497549772262573: -0.2678,-1.0466,0.0,1
5.517551898956299: -0.2788,-1.0125,0.0,1
5.517551898956299: -0.2899,-0.9954,0.0,1
5.538553953170776: -0.2982,-0.9571,0.0,1
5.550554990768433: -0.3065,-0.9102,0.0,1
5.553555488586426: -0.3176,-0.9059,0.0,1
5.558555841445923: -0.3259,-0.8633,0.0,1
5.576557636260986: -0.3342,-0.8249,0.0,1
5.578557968139648: -0.3425,-0.8164,0.0,1
5.587558746337891: -0.348,-0.7738,0.0,1
5.597559690475464: -0.3563,-0.7524,0.0,1
5.6175618171691895: -0.3618,-0.6714,0.0,1
5.622562408447266: -0.3701,-0.6629,0.0,1
5.636563777923584: -0.3757,-0.6288,0.0,1
5.640564203262329: -0.3812,-0.5862,0.0,1
5.6575658321380615: -0.3867,-0.5563,0.0,1
5.66356635093689: -0.3923,-0.4839,0.0,1
5.678567886352539: -0.395,-0.4625,0.0,1
5.678567886352539: -0.4006,-0.437,0.0,1
5.68756890296936: -0.4033,-0.3688,0.0,1
5.697569847106934: -0.4061,-0.3006,0.0,1
5.720571994781494: -0.4089,-0.2537,0.0,1
5.721572160720825: -0.4116,-0.2153,0.0,1
5.7335734367370605: -0.4116,-0.1727,0.0,1
5.757575750350952: -0.4116,-0.1087,0.0,1
5.760576009750366: -0.4116,-0.032,0.0,1
5.761576175689697: -0.4116,0.0107,0.0,1
5.780578136444092: -0.4116,0.0533,0.0,1
5.780578136444092: -0.4116,0.0789,0.0,1
5.787578821182251: -0.4116,0.1044,0.0,1
5.797579765319824: -0.4089,0.1172,0.0,1
5.8085808753967285: -0.4089,0.1513,0.0,1
5.827582836151123: -0.4061,0.1854,0.0,1
5.828583002090454: -0.4033,0.2366,0.0,1
5.841584205627441: -0.4006,0.3261,0.0,1
5.864586591720581: -0.395,0.4029,0.0,1
5.873587369918823: -0.3923,0.4284,0.0,1
5.8825883865356445: -0.3867,0.4839,0.0,1
5.8835883140563965: -0.3812,0.5819,0.0,1
5.887588739395142: -0.3729,0.6331,0.0,1
5.897589683532715: -0.3646,0.6757,0.0,1
5.9245924949646: -0.3591,0.697,0.0,1
5.931593179702759: -0.3508,0.7311,0.0,1
5.933593511581421: -0.3425,0.7737,0.0,1
5.942594289779663: -0.3342,0.7993,0.0,1
5.9575958251953125: -0.3259,0.8164,0.0,1
5.961596250534058: -0.3176,0.8377,0.0,1
5.991599082946777: -0.3093,0.8931,0.0,1
5.991599082946777: -0.2982,0.9229,0.0,1
5.991599082946777: -0.2899,0.94,0.0,1
5.997599840164185: -0.2788,0.9954,0.0,1
6.007600784301758: -0.2678,1.0167,0.0,1
6.023602485656738: -0.2567,1.0594,0.0,1
6.034603595733643: -0.2456,1.0935,0.0,1
6.042604207992554: -0.2346,1.1318,0.0,1
6.061606168746948: -0.2235,1.1574,0.0,1
6.066606760025024: -0.2125,1.183,0.0,1
6.0696070194244385: -0.1986,1.2299,0.0,1
6.08560848236084: -0.1876,1.2555,0.0,1
6.091609239578247: -0.1737,1.2853,0.0,1
6.097609758377075: -0.1627,1.3279,0.0,1
6.107610702514648: -0.1488,1.3535,0.0,1
6.126612663269043: -0.135,1.3578,0.0,1
6.158615827560425: -0.1212,1.3748,0.0,1
6.169616937637329: -0.1101,1.3834,0.0,1
6.174617528915405: -0.0963,1.4004,0.0,1
6.176617622375488: -0.0824,1.3919,0.0,1
6.1836183071136475: -0.0686,1.4089,0.0,1
6.191619157791138: -0.0576,1.4089,0.0,1
6.191619157791138: -0.0437,1.4175,0.0,1
6.197619915008545: -0.0299,1.4217,0.0,1
6.207620859146118: -0.0161,1.4132,0.0,1
6.232623338699341: -0.005,1.426,0.0,1
6.244624614715576: 0.0088,1.4217,0.0,1
6.248624801635742: 0.0227,1.4175,0.0,1
6.248624801635742: 0.0337,1.426,0.0,1
6.275627613067627: 0.0476,1.4217,0.0,1
6.27762770652771: 0.0614,1.4217,0.0,1
6.278627872467041: 0.0725,1.4217,0.0,1
6.291629314422607: 0.0863,1.4132,0.0,1
6.2976298332214355: 0.1001,1.4047,0.0,1
6.307630777359009: 0.1112,1.3834,0.0,1
6.329632997512817: 0.125,1.3962,0.0,1
6.330633163452148: 0.1361,1.3748,0.0,1
6.343634366989136: 0.1499,1.362,0.0,1
6.357635736465454: 0.161,1.3407,0.0,1
6.3716371059417725: 0.1748,1.3194,0.0,1
6.379637956619263: 0.1859,1.3024,0.0,1
6.386638641357422: 0.1969,1.2768,0.0,1
6.392639398574829: 0.2108,1.2768,0.0,1
6.397639751434326: 0.2218,1.2512,0.0,1
6.407640695571899: 0.2329,1.2555,0.0,1
6.418641805648804: 0.244,1.2384,0.0,1
6.436643600463867: 0.2578,1.2256,0.0,1
6.4486448764801025: 0.2688,1.2171,0.0,1
6.451645135879517: 0.2799,1.1659,0.0,1
6.459645986557007: 0.291,1.1446,0.0,1
6.47764778137207: 0.302,1.1063,0.0,1
6.493649482727051: 0.3103,1.0764,0.0,1
6.493649482727051: 0.3214,1.0466,0.0,1
6.497649908065796: 0.3325,1.0125,0.0,1
6.507650852203369: 0.3408,0.9741,0.0,1
6.517651796340942: 0.3518,0.9485,0.0,1
6.533653497695923: 0.3601,0.9187,0.0,1
6.545654535293579: 0.3684,0.8718,0.0,1
6.56965708732605: 0.3767,0.8462,0.0,1
6.573657512664795: 0.385,0.7993,0.0,1
6.574657440185547: 0.3933,0.7439,0.0,1
6.583658456802368: 0.3989,0.6927,0.0,1
6.608660936355591: 0.4044,0.6501,0.0,1
6.608660936355591: 0.4127,0.6032,0.0,1
6.608660936355591: 0.4182,0.5478,0.0,1
6.617661714553833: 0.421,0.4753,0.0,1
6.627662897109985: 0.4265,0.4412,0.0,1
6.642664194107056: 0.4293,0.4029,0.0,1
6.654665470123291: 0.4321,0.3346,0.0,1
6.688668966293335: 0.4348,0.2409,0.0,1
6.693669319152832: 0.4376,0.1854,0.0,1
6.695669651031494: 0.4376,0.1385,0.0,1
6.704670429229736: 0.4403,0.1002,0.0,1
6.7226722240448: 0.4403,0.0362,0.0,1
6.7226722240448: 0.4403,-0.0149,0.0,1
6.7226722240448: 0.4403,-0.0661,0.0,1
6.727672815322876: 0.4376,-0.113,0.0,1
6.737673759460449: 0.4376,-0.1428,0.0,1
6.7476747035980225: 0.4348,-0.1982,0.0,1
6.767676830291748: 0.4321,-0.2664,0.0,1
6.775677680969238: 0.4293,-0.3176,0.0,1
6.788678884506226: 0.4238,-0.3602,0.0,1
6.789679050445557: 0.421,-0.3773,0.0,1
6.816681623458862: 0.4155,-0.4412,0.0,1
6.816681623458862: 0.4099,-0.5052,0.0,1
6.827682733535767: 0.4044,-0.5478,0.0,1
6.827682733535767: 0.3989,-0.5947,0.0,1
6.837683916091919: 0.3933,-0.6331,0.0,1
6.847684860229492: 0.385,-0.6501,0.0,1
6.864686489105225: 0.3767,-0.7013,0.0,1
6.86868691444397: 0.3712,-0.7098,0.0,1
6.883688449859619: 0.3629,-0.7396,0.0,1
6.8976898193359375: 0.3546,-0.7354,0.0,1
6.8976898193359375: 0.3463,-0.7738,0.0,1
6.91469144821167: 0.338,-0.8036,0.0,1
6.938694000244141: 0.3325,-0.8292,0.0,1
6.938694000244141: 0.3214,-0.8377,0.0,1
6.939693927764893: 0.3131,-0.8931,0.0,1
6.947694778442383: 0.3048,-0.9102,0.0,1
6.957695722579956: 0.2965,-0.94,0.0,1
6.9756975173950195: 0.2854,-0.9485,0.0,1
6.977697849273682: 0.2771,-0.9699,0.0,1
6.998699903488159: 0.2688,-0.9954,0.0,1
7.021702289581299: 0.2578,-1.0082,0.0,1
7.022702217102051: 0.2467,-1.0338,0.0,1
7.024702548980713: 0.2384,-1.0423,0.0,1
7.05270528793335: 0.2274,-1.0594,0.0,1
7.05270528793335: 0.2163,-1.0935,0.0,1
7.05270528793335: 0.208,-1.0935,0.0,1
7.057705879211426: 0.1969,-1.1191,0.0,1
7.067706823348999: 0.1859,-1.1191,0.0,1
7.077707767486572: 0.1748,-1.1105,0.0,1
7.093709468841553: 0.1665,-1.1148,0.0,1
7.101710081100464: 0.1554,-1.1319,0.0,1
7.134713411331177: 0.1444,-1.1276,0.0,1
7.145714521408081: 0.1333,-1.1319,0.0,1
7.157715797424316: 0.125,-1.1233,0.0,1
7.1587159633636475: 0.1139,-1.1404,0.0,1
7.1587159633636475: 0.1029,-1.1404,0.0,1
7.1587159633636475: 0.0918,-1.1446,0.0,1
7.16771674156189: 0.0835,-1.1489,0.0,1
7.177717685699463: 0.0725,-1.1617,0.0,1
7.19171929359436: 0.0614,-1.1617,0.0,1
7.201720237731934: 0.0503,-1.1745,0.0,1
7.207720756530762: 0.0393,-1.1617,0.0,1
7.218721866607666: 0.0282,-1.1617,0.0,1
7.22972297668457: 0.0199,-1.1489,0.0,1
7.2377238273620605: 0.0088,-1.1574,0.0,1
7.258725881576538: -0.0022,-1.1574,0.0,1
7.258725881576538: -0.0105,-1.1574,0.0,1
7.267726898193359: -0.0216,-1.1404,0.0,1
7.277727842330933: -0.0327,-1.1446,0.0,1
7.291729211807251: -0.0437,-1.1191,0.0,1
7.301730155944824: -0.052,-1.1148,0.0,1
7.308730840682983: -0.0631,-1.0935,0.0,1
7.317731857299805: -0.0714,-1.0636,0.0,1
7.327732801437378: -0.0824,-1.0679,0.0,1
7.341734170913696: -0.0907,-1.0381,0.0,1
7.347734689712524: -0.1018,-1.0082,0.0,1
7.363736391067505: -0.1101,-1.004,0.0,1
7.36773681640625: -0.1184,-0.9912,0.0,1
7.377737760543823: -0.1295,-0.9571,0.0,1
7.3877387046813965: -0.1378,-0.9571,0.0,1
7.400740146636963: -0.1461,-0.9358,0.0,1
7.412741184234619: -0.1544,-0.9144,0.0,1
7.420742034912109: -0.1627,-0.9102,0.0,1
7.4277427196502686: -0.1737,-0.8889,0.0,1
7.457745790481567: -0.1793,-0.8718,0.0,1
7.468746900558472: -0.1876,-0.8548,0.0,1
7.468746900558472: -0.1959,-0.8249,0.0,1
7.468746900558472: -0.2042,-0.8249,0.0,1
7.477747917175293: -0.2125,-0.7865,0.0,1
7.487748861312866: -0.218,-0.7951,0.0,1
7.508750915527344: -0.2263,-0.7823,0.0,1
7.511751174926758: -0.2346,-0.7823,0.0,1
7.524752616882324: -0.2429,-0.7439,0.0,1
7.52875280380249: -0.2484,-0.7567,0.0,1
7.547754764556885: -0.2567,-0.7098,0.0,1
7.548754930496216: -0.2622,-0.7098,0.0,1
7.5747575759887695: -0.2705,-0.6842,0.0,1
7.5747575759887695: -0.2761,-0.6928,0.0,1
7.577757835388184: -0.2844,-0.6757,0.0,1
7.587758779525757: -0.2899,-0.6587,0.0,1
7.59775972366333: -0.2982,-0.6331,0.0,1
7.618762016296387: -0.3037,-0.5777,0.0,1
7.62876296043396: -0.3093,-0.5904,0.0,1
7.629762887954712: -0.3148,-0.5435,0.0,1
7.646764755249023: -0.3203,-0.5137,0.0,1
7.657765865325928: -0.3231,-0.5052,0.0,1
7.669766902923584: -0.3286,-0.454,0.0,1
7.669766902923584: -0.3314,-0.4284,0.0,1
7.68276834487915: -0.3369,-0.4284,0.0,1
7.6877686977386475: -0.3397,-0.3943,0.0,1
7.6977698802948: -0.3425,-0.3176,0.0,1
7.708770990371704: -0.3452,-0.2878,0.0,1
7.738773822784424: -0.348,-0.2622,0.0,1
7.750775098800659: -0.3508,-0.2153,0.0,1
7.756775617599487: -0.3508,-0.1471,0.0,1
7.757775783538818: -0.3508,-0.0576,0.0,1
7.7617762088775635: -0.3508,0.0107,0.0,1
7.784778594970703: -0.3508,0.0703,0.0,1
7.784778594970703: -0.3508,0.0959,0.0,1
7.787778854370117: -0.348,0.1385,0.0,1
7.79777979850769: -0.348,0.1641,0.0,1
7.807780742645264: -0.3452,0.1812,0.0,1
7.819782018661499: -0.3425,0.2238,0.0,1
7.832783222198486: -0.3397,0.2792,0.0,1
7.841784238815308: -0.3369,0.356,0.0,1
7.849785089492798: -0.3314,0.3943,0.0,1
7.864786386489868: -0.3286,0.4284,0.0,1
7.8737874031066895: -0.3231,0.4924,0.0,1
7.886788606643677: -0.3176,0.5734,0.0,1
7.887788772583008: -0.3093,0.6032,0.0,1
7.897789716720581: -0.3037,0.6757,0.0,1
7.907790899276733: -0.2954,0.68,0.0,1
7.923792362213135: -0.2871,0.7354,0.0,1
7.940793991088867: -0.2788,0.7695,0.0,1
7.944794416427612: -0.2705,0.8121,0.0,1
7.956795692443848: -0.2622,0.8377,0.0,1
7.974797487258911: -0.2539,0.8888,0.0,1
7.9867987632751465: -0.2429,0.9315,0.0,1
7.9867987632751465: -0.2346,0.9656,0.0,1
7.987798690795898: -0.2235,1.0039,0.0,1
7.997799873352051: -0.2125,1.0466,0.0,1
8.007800817489624: -0.2042,1.0849,0.0,1
8.028802871704102: -0.1931,1.1361,0.0,1
8.037803888320923: -0.1793,1.1745,0.0,1
8.039803981781006: -0.1682,1.183,0.0,1
8.062806367874146: -0.1571,1.2299,0.0,1
8.07380747795105: -0.1461,1.2555,0.0,1
8.075807571411133: -0.1322,1.2725,0.0,1
8.078807830810547: -0.1184,1.3109,0.0,1
8.087808847427368: -0.1073,1.3279,0.0,1
8.097809791564941: -0.0935,1.362,0.0,1
8.107810735702515: -0.0797,1.3876,0.0,1
8.11981201171875: -0.0686,1.4132,0.0,1
8.158815860748291: -0.0548,1.4175,0.0,1
8.159816026687622: -0.041,1.4345,0.0,1
8.166816711425781: -0.0271,1.4388,0.0,1
8.171817302703857: -0.0133,1.4388,0.0,1
8.174817562103271: -0.0022,1.4473,0.0,1
8.184818506240845: 0.0116,1.4558,0.0,1
8.195819616317749: 0.0254,1.443,0.0,1
8.197819709777832: 0.0393,1.4388,0.0,1
8.207820892333984: 0.0503,1.443,0.0,1
8.217821836471558: 0.0642,1.4303,0.0,1
8.236823797225952: 0.078,1.4175,0.0,1
8.24182415008545: 0.0891,1.4132,0.0,1
8.253825426101685: 0.1029,1.4132,0.0,1
8.263826370239258: 0.1139,1.3919,0.0,1
8.278827905654907: 0.1278,1.3748,0.0,1
8.281828165054321: 0.1388,1.3535,0.0,1
8.298829793930054: 0.1527,1.345,0.0,1
8.298829793930054: 0.1637,1.3066,0.0,1
8.307830810546875: 0.1776,1.2981,0.0,1
8.317831754684448: 0.1886,1.2768,0.0,1
8.340834140777588: 0.1997,1.264,0.0,1
8.342834234237671: 0.2108,1.2469,0.0,1
8.354835510253906: 0.2246,1.2342,0.0,1
8.359836101531982: 0.2357,1.2299,0.0,1
8.377837896347046: 0.2467,1.2,0.0,1
8.384838581085205: 0.2578,1.1958,0.0,1
8.394839525222778: 0.2688,1.1787,0.0,1
8.404840469360352: 0.2799,1.1574,0.0,1
8.407840728759766: 0.291,1.1446,0.0,1
8.417841911315918: 0.302,1.1191,0.0,1
8.427842855453491: 0.3131,1.1063,0.0,1
8.44184422492981: 0.3242,1.0935,0.0,1
8.458845853805542: 0.3352,1.0594,0.0,1
8.462846279144287: 0.3435,1.0338,0.0,1
8.485848665237427: 0.3546,1.0125,0.0,1
8.491849184036255: 0.3657,0.9613,0.0,1
8.492849349975586: 0.374,0.94,0.0,1
8.522852182388306: 0.3823,0.8846,0.0,1
8.522852182388306: 0.3906,0.8334,0.0,1
8.522852182388306: 0.3989,0.7695,0.0,1
8.527852773666382: 0.4044,0.7439,0.0,1
8.537853717803955: 0.4127,0.6714,0.0,1
8.547854900360107: 0.4182,0.6458,0.0,1
8.562856197357178: 0.4238,0.5606,0.0,1
8.567856788635254: 0.4293,0.5521,0.0,1
8.59585952758789: 0.4348,0.5137,0.0,1
8.606860637664795: 0.4403,0.454,0.0,1
8.608860969543457: 0.4431,0.4156,0.0,1
8.612861394882202: 0.4459,0.3517,0.0,1
8.620862007141113: 0.4486,0.2664,0.0,1
8.642864227294922: 0.4514,0.1726,0.0,1
8.642864227294922: 0.4514,0.1044,0.0,1
8.647864818572998: 0.4514,0.0661,0.0,1
8.657865762710571: 0.4514,0.0064,0.0,1
8.667866706848145: 0.4514,-0.049,0.0,1
8.686868667602539: 0.4514,-0.13,0.0,1
8.691869258880615: 0.4486,-0.1727,0.0,1
8.722872257232666: 0.4459,-0.2494,0.0,1
8.728873014450073: 0.4431,-0.3304,0.0,1
8.731873273849487: 0.4376,-0.3688,0.0,1
8.742874383926392: 0.4348,-0.4029,0.0,1
8.742874383926392: 0.4293,-0.4711,0.0,1
8.747874736785889: 0.4238,-0.5308,0.0,1
8.757875680923462: 0.4182,-0.5606,0.0,1
8.767876863479614: 0.4099,-0.6373,0.0,1
8.78787875175476: 0.4044,-0.697,0.0,1
8.788878917694092: 0.3961,-0.7439,0.0,1
8.807880878448486: 0.3878,-0.7951,0.0,1
8.812881231307983: 0.3795,-0.8292,0.0,1
8.822882413864136: 0.3684,-0.8931,0.0,1
8.84888482093811: 0.3601,-0.9187,0.0,1
8.84888482093811: 0.3491,-0.9485,0.0,1
8.84888482093811: 0.3408,-1.0082,0.0,1
8.857885837554932: 0.3297,-1.0466,0.0,1
8.867886781692505: 0.3186,-1.0977,0.0,1
8.880887985229492: 0.3076,-1.1532,0.0,1
8.893889427185059: 0.2937,-1.2086,0.0,1
8.899889945983887: 0.2827,-1.2342,0.0,1
8.911891222000122: 0.2716,-1.2811,0.0,1
8.92489242553711: 0.2578,-1.3237,0.0,1
8.929893016815186: 0.244,-1.3621,0.0,1
8.938893795013428: 0.2301,-1.3748,0.0,1
8.960896015167236: 0.2191,-1.4217,0.0,1
8.960896015167236: 0.2052,-1.4388,0.0,1
8.966896772384644: 0.1914,-1.4558,0.0,1
8.977897882461548: 0.1776,-1.4431,0.0,1
8.991899251937866: 0.1637,-1.4644,0.0,1
9.005900621414185: 0.1499,-1.4516,0.0,1
9.00990104675293: 0.1388,-1.4345,0.0,1
9.021902084350586: 0.125,-1.4175,0.0,1
9.04790472984314: 0.1112,-1.4132,0.0,1
9.050904989242554: 0.1001,-1.4004,0.0,1
9.052905321121216: 0.0863,-1.3919,0.0,1
9.07190728187561: 0.0752,-1.3834,0.0,1
9.07190728187561: 0.0614,-1.3621,0.0,1
9.077907800674438: 0.0503,-1.3578,0.0,1
9.087908744812012: 0.0365,-1.3194,0.0,1
9.107910871505737: 0.0254,-1.3066,0.0,1
9.110911130905151: 0.0144,-1.2896,0.0,1
9.12491250038147: 0.0033,-1.2683,0.0,1
9.131913185119629: -0.0078,-1.2512,0.0,1
9.153915405273438: -0.0188,-1.2427,0.0,1
9.172917366027832: -0.0299,-1.2427,0.0,1
9.173917293548584: -0.041,-1.2214,0.0,1
9.173917293548584: -0.052,-1.2256,0.0,1
9.176917791366577: -0.0631,-1.2129,0.0,1
9.18691873550415: -0.0741,-1.1915,0.0,1
9.196919679641724: -0.0852,-1.2001,0.0,1
9.213921308517456: -0.0963,-1.166,0.0,1
9.22492241859436: -0.1073,-1.1532,0.0,1
9.236923694610596: -0.1184,-1.1446,0.0,1
9.252925395965576: -0.1295,-1.1233,0.0,1
9.253925323486328: -0.1405,-1.1105,0.0,1
9.266926765441895: -0.1488,-1.0892,0.0,1
9.268926858901978: -0.1599,-1.0722,0.0,1
9.291929244995117: -0.171,-1.0636,0.0,1
9.291929244995117: -0.1793,-1.0636,0.0,1
9.297929763793945: -0.1903,-1.0679,0.0,1
9.306930780410767: -0.2014,-1.0722,0.0,1
9.327932834625244: -0.2097,-1.0551,0.0,1
9.330933094024658: -0.2208,-1.0295,0.0,1
9.34793472290039: -0.2318,-1.021,0.0,1
9.37093710899353: -0.2401,-0.9954,0.0,1
9.372937202453613: -0.2512,-0.9912,0.0,1
9.374937534332275: -0.2595,-0.9571,0.0,1
9.38693881034851: -0.2705,-0.9443,0.0,1
9.403940439224243: -0.2788,-0.923,0.0,1
9.403940439224243: -0.2899,-0.9102,0.0,1
9.406940698623657: -0.2982,-0.9102,0.0,1
9.41694164276123: -0.3065,-0.8718,0.0,1
9.426942586898804: -0.3148,-0.8718,0.0,1
9.442944288253784: -0.3231,-0.8505,0.0,1
9.451945304870605: -0.3314,-0.842,0.0,1
9.467946767807007: -0.3397,-0.8505,0.0,1
9.469947099685669: -0.348,-0.8334,0.0,1
9.49294924736023: -0.3563,-0.8292,0.0,1
9.497949838638306: -0.3646,-0.8036,0.0,1
9.497949838638306: -0.3729,-0.8292,0.0,1
9.535953521728516: -0.3812,-0.7865,0.0,1
9.535953521728516: -0.3895,-0.7865,0.0,1
9.535953521728516: -0.3978,-0.7482,0.0,1
9.536953687667847: -0.4033,-0.7482,0.0,1
9.54695463180542: -0.4116,-0.6885,0.0,1
9.556955814361572: -0.4171,-0.6714,0.0,1
9.573957443237305: -0.4227,-0.6032,0.0,1
9.578957796096802: -0.4282,-0.5904,0.0,1
9.594959497451782: -0.4337,-0.5308,0.0,1
9.605960607528687: -0.4365,-0.4753,0.0,1
9.619961977005005: -0.442,-0.4327,0.0,1
9.621962308883667: -0.4448,-0.3773,0.0,1
9.644964456558228: -0.4476,-0.3219,0.0,1
9.644964456558228: -0.4503,-0.2409,0.0,1
9.64696478843689: -0.4531,-0.2409,0.0,1
9.656965732574463: -0.4559,-0.2366,0.0,1
9.666966676712036: -0.4559,-0.2025,0.0,1
9.6849684715271: -0.4586,-0.1513,0.0,1
9.691969156265259: -0.4586,-0.0874,0.0,1
9.701970100402832: -0.4586,-0.0277,0.0,1
9.726972818374634: -0.4586,0.0277,0.0,1
9.73197317123413: -0.4586,0.0661,0.0,1
9.737973690032959: -0.4586,0.1044,0.0,1
9.740974187850952: -0.4559,0.13,0.0,1
9.763976335525513: -0.4559,0.1556,0.0,1
9.763976335525513: -0.4531,0.1897,0.0,1
9.766976594924927: -0.4503,0.2281,0.0,1
9.776977777481079: -0.4476,0.3005,0.0,1
9.786978721618652: -0.442,0.3773,0.0,1
9.80098009109497: -0.4393,0.437,0.0,1
9.821982145309448: -0.4337,0.4583,0.0,1
9.821982145309448: -0.4282,0.5222,0.0,1
9.854985475540161: -0.4227,0.5691,0.0,1
9.862986326217651: -0.4171,0.5862,0.0,1
9.863986492156982: -0.4089,0.6586,0.0,1
9.863986492156982: -0.4033,0.68,0.0,1
9.866986751556396: -0.395,0.7141,0.0,1
9.87698769569397: -0.3895,0.7396,0.0,1
9.886988639831543: -0.3812,0.7737,0.0,1
9.902990341186523: -0.3729,0.8121,0.0,1
9.910991191864014: -0.3618,0.8547,0.0,1
9.931993246078491: -0.3535,0.8718,0.0,1
9.939994096755981: -0.3452,0.9144,0.0,1
9.943994283676147: -0.3342,0.9613,0.0,1
9.971997261047363: -0.3231,1.0039,0.0,1
9.971997261047363: -0.312,1.0338,0.0,1
9.971997261047363: -0.301,1.0594,0.0,1
9.97699761390686: -0.2899,1.0977,0.0,1
9.986998796463013: -0.2788,1.1361,0.0,1
10.003000259399414: -0.2678,1.1617,0.0,1
10.013001203536987: -0.2539,1.1915,0.0,1
10.021002054214478: -0.2429,1.2256,0.0,1
10.050004959106445: -0.2291,1.2256,0.0,1
10.067006587982178: -0.218,1.2469,0.0,1
10.068006753921509: -0.2042,1.2725,0.0,1
10.073007345199585: -0.1931,1.2853,0.0,1
10.073007345199585: -0.1793,1.2853,0.0,1
10.07700777053833: -0.1682,1.2981,0.0,1
10.087008714675903: -0.1544,1.3237,0.0,1
10.097009658813477: -0.1405,1.3109,0.0,1
10.116011619567871: -0.1295,1.3194,0.0,1
10.118011713027954: -0.1156,1.3194,0.0,1
10.134013414382935: -0.1046,1.3279,0.0,1
10.145014524459839: -0.0907,1.3279,0.0,1
10.149014949798584: -0.0797,1.3109,0.0,1
10.16101598739624: -0.0686,1.3152,0.0,1
10.172017097473145: -0.0548,1.3066,0.0,1
10.180017948150635: -0.0437,1.3152,0.0,1
10.188018798828125: -0.0327,1.3152,0.0,1
10.198019742965698: -0.0188,1.3194,0.0,1
10.208020687103271: -0.0078,1.3365,0.0,1
10.220021963119507: 0.0061,1.3365,0.0,1
10.228022813796997: 0.0171,1.3578,0.0,1
10.23802375793457: 0.031,1.3407,0.0,1
10.250025033950806: 0.042,1.3493,0.0,1
10.263026237487793: 0.0559,1.3535,0.0,1
10.26802682876587: 0.0669,1.3535,0.0,1
10.278027772903442: 0.0808,1.3493,0.0,1
10.290029048919678: 0.0918,1.345,0.0,1
10.297029733657837: 0.1029,1.345,0.0,1
10.30703067779541: 0.1167,1.3407,0.0,1
10.318031787872314: 0.1278,1.3365,0.0,1
10.328032732009888: 0.1416,1.3279,0.0,1
10.341034173965454: 0.1527,1.3237,0.0,1
10.348034858703613: 0.1665,1.3194,0.0,1
10.358035802841187: 0.1776,1.3109,0.0,1
10.371037006378174: 0.1886,1.281,0.0,1
10.39203929901123: 0.1997,1.2683,0.0,1
10.39203929901123: 0.2135,1.2427,0.0,1
10.397039651870728: 0.2246,1.2128,0.0,1
10.4070405960083: 0.2357,1.1958,0.0,1
10.431043148040771: 0.2467,1.1659,0.0,1
10.433043241500854: 0.2578,1.1404,0.0,1
10.475047588348389: 0.2688,1.1191,0.0,1
10.4830482006073: 0.2771,1.0722,0.0,1
10.488048791885376: 0.2882,1.0594,0.0,1
10.496049642562866: 0.2965,1.0295,0.0,1
10.496049642562866: 0.3076,0.9912,0.0,1
10.496049642562866: 0.3159,0.9698,0.0,1
10.497049808502197: 0.3269,0.9357,0.0,1
10.50705075263977: 0.3352,0.8974,0.0,1
10.517051696777344: 0.3435,0.8718,0.0,1
10.55305528640747: 0.3518,0.842,0.0,1
10.558055877685547: 0.3601,0.8121,0.0,1
10.570056915283203: 0.3684,0.7737,0.0,1
10.593059301376343: 0.374,0.7567,0.0,1
10.594059467315674: 0.3823,0.7268,0.0,1
10.599059820175171: 0.3906,0.6885,0.0,1
10.599059820175171: 0.3961,0.6331,0.0,1
10.599059820175171: 0.4016,0.6331,0.0,1
10.607060670852661: 0.4072,0.5904,0.0,1
10.617061614990234: 0.4127,0.5606,0.0,1
10.634063482284546: 0.4182,0.5222,0.0,1
10.671066999435425: 0.4238,0.4583,0.0,1
10.673067331314087: 0.4293,0.4497,0.0,1
10.67506742477417: 0.4321,0.4242,0.0,1
10.682068109512329: 0.4348,0.3645,0.0,1
10.69106912612915: 0.4376,0.3091,0.0,1
10.695069551467896: 0.4403,0.2878,0.0,1
10.702070236206055: 0.4431,0.2451,0.0,1
10.707070589065552: 0.4459,0.1641,0.0,1
10.717071771621704: 0.4459,0.0916,0.0,1
10.728072881698608: 0.4459,-0.0064,0.0,1
10.748074769973755: 0.4459,-0.0533,0.0,1
10.755075454711914: 0.4459,-0.1045,0.0,1
10.772077083587646: 0.4431,-0.1386,0.0,1
10.779078006744385: 0.4403,-0.1684,0.0,1
10.784078359603882: 0.4403,-0.194,0.0,1
10.788078784942627: 0.4376,-0.2025,0.0,1
10.799079895019531: 0.4348,-0.2366,0.0,1
10.807080745697021: 0.4321,-0.2878,0.0,1
10.817081689834595: 0.4265,-0.3432,0.0,1
10.827082633972168: 0.4238,-0.3901,0.0,1
10.841084003448486: 0.4182,-0.3986,0.0,1
10.849084854125977: 0.4127,-0.4625,0.0,1
10.865086555480957: 0.4072,-0.5308,0.0,1
10.878087759017944: 0.4016,-0.5734,0.0,1
10.878087759017944: 0.3961,-0.6075,0.0,1
10.894089460372925: 0.3906,-0.6288,0.0,1
10.908090829849243: 0.3823,-0.6416,0.0,1
10.908090829849243: 0.3767,-0.6928,0.0,1
10.917091608047485: 0.3684,-0.7055,0.0,1
10.927092790603638: 0.3629,-0.7482,0.0,1
10.956095695495605: 0.3546,-0.7524,0.0,1
10.958095788955688: 0.3463,-0.8079,0.0,1
10.95909595489502: 0.3352,-0.8505,0.0,1
Simulator log terminated at 2015-06-18 12:39:34 UTC
