Simulator log started at 2015-06-18 12:40:57 UTC
0.006000518798828125: 0.0005,0.0021,0.0,1
0.02600264549255371: 0.0005,-0.0064,0.0,1
0.05800580978393555: 0.0005,0.0064,0.0,1
0.08400845527648926: 0.0005,-0.0107,0.0,1
0.09300923347473145: 0.0005,-0.0107,0.0,1
0.10301041603088379: 0.0005,0.0064,0.0,1
0.12101221084594727: 0.0005,-0.0064,0.0,1
0.15801572799682617: 0.0005,0.0021,0.0,1
0.17801785469055176: 0.0005,0.0021,0.0,1
0.20402050018310547: 0.0005,0.0021,0.0,1
0.20402050018310547: 0.0005,-0.0021,0.0,1
0.2210221290588379: 0.0005,-0.0064,0.0,1
0.24102401733398438: 0.0005,-0.0107,0.0,1
0.262026309967041: 0.0005,-0.0021,0.0,1
0.28102803230285645: 0.0005,0.0021,0.0,1
0.30103015899658203: 0.0005,0.0021,0.0,1
0.32203221321105957: 0.0005,-0.0064,0.0,1
0.3410341739654541: 0.0005,-0.0021,0.0,1
0.36203622817993164: 0.0005,-0.0064,0.0,1
0.38103818893432617: 0.0005,0.0021,0.0,1
0.4090409278869629: 0.0005,-0.0021,0.0,1
0.4220421314239502: 0.0005,0.0149,0.0,1
0.4410440921783447: 0.0005,0.0021,0.0,1
0.46204614639282227: 0.0005,0.0021,0.0,1
0.48204827308654785: 0.0005,-0.0064,0.0,1
0.5110511779785156: 0.0005,0.0064,0.0,1
0.5310530662536621: 0.0005,-0.0021,0.0,1
0.5410540103912354: 0.0005,-0.0064,0.0,1
0.5720572471618652: 0.0005,0.0021,0.0,1
0.5860586166381836: 0.0005,0.0064,0.0,1
0.6090610027313232: 0.0005,-0.0064,0.0,1
0.6240625381469727: 0.0005,-0.0064,0.0,1
0.6530654430389404: 0.0005,-0.0021,0.0,1
0.6610660552978516: 0.0005,0.0064,0.0,1
0.6840684413909912: 0.0005,-0.0064,0.0,1
0.7070708274841309: 0.0005,-0.0064,0.0,1
0.7220721244812012: 0.0005,0.0021,0.0,1
0.7460746765136719: 0.0005,-0.0064,0.0,1
0.7840783596038818: 0.0005,-0.0064,0.0,1
0.7840783596038818: 0.0005,-0.0064,0.0,1
0.8010802268981934: 0.0005,0.0021,0.0,1
0.8220822811126709: 0.0005,-0.0064,0.0,1
0.8610861301422119: 0.0005,0.0021,0.0,1
0.86708664894104: 0.0005,-0.0021,0.0,1
0.8840885162353516: 0.0005,0.0021,0.0,1
0.901090145111084: 0.0005,-0.0021,0.0,1
0.9320931434631348: 0.0005,-0.0021,0.0,1
0.9480948448181152: 0.0005,0.0021,0.0,1
0.9690968990325928: 0.0005,-0.0064,0.0,1
0.9880988597869873: 0.0005,-0.0021,0.0,1
1.0011000633239746: 0.0005,-0.0021,0.0,1
1.0281028747558594: 0.0005,-0.0021,0.0,1
1.054105520248413: 0.0005,0.0021,0.0,1
1.0681068897247314: 0.0005,-0.0021,0.0,1
1.088108777999878: 0.0005,-0.0064,0.0,1
1.1011102199554443: 0.0005,-0.0021,0.0,1
1.1221122741699219: 0.0005,0.0021,0.0,1
1.1461145877838135: 0.0005,-0.0064,0.0,1
1.1761176586151123: 0.0005,-0.0021,0.0,1
1.1901190280914307: 0.0005,-0.0021,0.0,1
1.201120138168335: 0.0005,-0.0064,0.0,1
1.2221221923828125: 0.0005,0.0021,0.0,1
1.2581257820129395: 0.0005,0.0021,0.0,1
1.2711272239685059: 0.0005,-0.0064,0.0,1
1.2921292781829834: 0.0005,-0.0107,0.0,1
1.3011300563812256: 0.0005,-0.0064,0.0,1
1.352135181427002: 0.0005,-0.0107,0.0,1
1.353135347366333: 0.0005,0.0021,0.0,1
1.3731372356414795: 0.0005,-0.0021,0.0,1
1.38913893699646: 0.0005,0.0064,0.0,1
1.430143117904663: 0.0005,-0.0021,0.0,1
1.430143117904663: 0.0005,-0.0021,0.0,1
1.4411442279815674: 0.0005,-0.0021,0.0,1
1.471147060394287: 0.0005,-0.0021,0.0,1
1.4881489276885986: 0.0005,0.0021,0.0,1
1.5091509819030762: 0.0005,-0.0021,0.0,1
1.5221521854400635: 0.0005,0.0021,0.0,1
1.5541553497314453: 0.0005,-0.0021,0.0,1
1.5611560344696045: 0.0005,0.0021,0.0,1
1.5941593647003174: 0.0005,-0.0107,0.0,1
1.6051604747772217: 0.0005,-0.0107,0.0,1
1.6251626014709473: 0.0005,-0.0021,0.0,1
1.6491649150848389: 0.0005,-0.0107,0.0,1
1.6701669692993164: 0.0005,-0.0064,0.0,1
1.6811680793762207: 0.0005,-0.0021,0.0,1
1.7081708908081055: 0.0005,0.0021,0.0,1
1.7221722602844238: 0.0005,-0.0021,0.0,1
1.7451744079589844: 0.0005,-0.0021,0.0,1
1.768176794052124: 0.0005,0.0021,0.0,1
1.7941794395446777: 0.0005,0.0021,0.0,1
1.801180124282837: 0.0005,-0.0021,0.0,1
1.8221821784973145: 0.0005,-0.0021,0.0,1
1.8521852493286133: 0.0005,0.0021,0.0,1
1.8711872100830078: 0.0005,0.0064,0.0,1
1.8841884136199951: 0.0005,-0.0149,0.0,1
1.9051904678344727: 0.0005,-0.0064,0.0,1
1.9211921691894531: 0.0005,-0.0021,0.0,1
1.9471948146820068: 0.0005,-0.0021,0.0,1
1.9631962776184082: 0.0005,-0.0021,0.0,1
1.993199348449707: 0.0005,-0.0107,0.0,1
2.0042004585266113: 0.0005,0.0064,0.0,1
2.032203197479248: 0.0005,-0.0107,0.0,1
2.0412042140960693: 0.0005,-0.0021,0.0,1
2.067206621170044: 0.0005,0.0021,0.0,1
2.0852084159851074: 0.0005,0.0021,0.0,1
2.101210117340088: 0.0005,-0.0064,0.0,1
2.1282129287719727: 0.0005,-0.0107,0.0,1
2.1542153358459473: 0.0005,-0.0107,0.0,1
2.1622161865234375: 0.0005,-0.0149,0.0,1
2.184218406677246: 0.0005,-0.0192,0.0,1
2.2032203674316406: 0.0005,-0.0021,0.0,1
2.223222255706787: 0.0005,0.0021,0.0,1
2.2422242164611816: 0.0005,-0.0021,0.0,1
2.2722272872924805: 0.0005,0.0107,0.0,1
2.2822282314300537: 0.0005,-0.0064,0.0,1
2.3082308769226074: 0.0005,-0.0021,0.0,1
2.32523250579834: 0.0005,0.0021,0.0,1
2.3442344665527344: 0.0005,0.0021,0.0,1
2.37123703956604: 0.0005,-0.0107,0.0,1
2.3862385749816895: 0.0005,0.0064,0.0,1
2.401240110397339: 0.0005,-0.0064,0.0,1
2.4252424240112305: 0.0005,0.0021,0.0,1
2.447244644165039: 0.0005,0.0021,0.0,1
2.476247549057007: 0.0005,-0.0064,0.0,1
2.481248140335083: 0.0005,0.0021,0.0,1
2.514251470565796: 0.0005,-0.0149,0.0,1
2.522252321243286: 0.0005,-0.0064,0.0,1
2.549254894256592: 0.0005,-0.0021,0.0,1
2.562256336212158: 0.0005,0.0021,0.0,1
2.602260112762451: 0.0005,-0.0107,0.0,1
2.6042604446411133: 0.0005,0.0064,0.0,1
2.633263349533081: 0.0005,0.0021,0.0,1
2.6412642002105713: 0.0005,0.0021,0.0,1
2.675267457962036: 0.0005,0.0064,0.0,1
2.6922693252563477: 0.0005,-0.0064,0.0,1
2.712271213531494: 0.0005,-0.0064,0.0,1
2.7232723236083984: 0.0005,-0.0064,0.0,1
2.7552754878997803: 0.0005,-0.0064,0.0,1
2.7622761726379395: 0.0005,-0.0021,0.0,1
2.7952795028686523: 0.0005,-0.0021,0.0,1
2.8052804470062256: 0.0005,-0.0021,0.0,1
2.82428240776062: 0.0005,-0.0064,0.0,1
2.8472847938537598: 0.0005,-0.0021,0.0,1
2.886288642883301: 0.0005,-0.0021,0.0,1
2.886288642883301: 0.0005,-0.0064,0.0,1
2.9022903442382812: 0.0005,-0.0064,0.0,1
2.926292657852173: 0.0005,0.0064,0.0,1
2.9542953968048096: 0.0005,-0.0064,0.0,1
2.968296766281128: 0.0005,-0.0064,0.0,1
2.9892988204956055: 0.0005,0.0064,0.0,1
3.001300096511841: 0.0005,0.0064,0.0,1
3.0253024101257324: 0.0005,0.0021,0.0,1
3.0533053874969482: 0.0005,-0.0021,0.0,1
3.074307441711426: 0.0005,-0.0021,0.0,1
3.088308811187744: 0.0005,-0.0107,0.0,1
3.113311290740967: 0.0005,-0.0021,0.0,1
3.122312307357788: 0.0005,-0.0021,0.0,1
3.155315637588501: 0.0005,0.0021,0.0,1
3.1693170070648193: 0.0005,0.0021,0.0,1
3.189318895339966: 0.0005,-0.0064,0.0,1
3.2053205966949463: 0.0005,0.0064,0.0,1
3.2233223915100098: 0.0005,0.0021,0.0,1
3.242324113845825: 0.0005,0.0021,0.0,1
3.263326406478882: 0.0005,-0.0021,0.0,1
3.2833282947540283: 0.0005,-0.0021,0.0,1
3.302330255508423: 0.0005,0.0107,0.0,1
3.3223321437835693: 0.0005,0.0021,0.0,1
3.341334104537964: 0.0005,0.0021,0.0,1
3.3623361587524414: 0.0005,0.0021,0.0,1
3.382338285446167: 0.0005,-0.0064,0.0,1
3.4023401737213135: 0.0005,-0.0021,0.0,1
3.4323432445526123: 0.0005,0.0021,0.0,1
3.450345039367676: 0.0005,-0.0021,0.0,1
3.462346315383911: 0.0005,-0.0021,0.0,1
3.494349479675293: 0.0005,-0.0064,0.0,1
3.5083508491516113: 0.0005,0.0021,0.0,1
3.528352737426758: 0.0005,0.0064,0.0,1
3.5513551235198975: 0.0005,0.0021,0.0,1
3.5623562335968018: 0.0005,-0.0021,0.0,1
3.604360342025757: 0.0005,-0.0064,0.0,1
3.60736083984375: 0.0005,0.0021,0.0,1
3.6333632469177246: 0.0005,0.0021,0.0,1
3.651365041732788: 0.0005,-0.0064,0.0,1
3.6623661518096924: 0.0005,-0.0064,0.0,1
3.685368537902832: 0.0005,-0.0064,0.0,1
3.7133712768554688: 0.0005,-0.0021,0.0,1
3.7363736629486084: 0.0005,-0.0021,0.0,1
3.7683768272399902: 0.0005,-0.0021,0.0,1
3.7683768272399902: 0.0005,-0.0107,0.0,1
3.7823781967163086: 0.0005,-0.0021,0.0,1
3.804380416870117: 0.0005,-0.0021,0.0,1
3.8223822116851807: 0.0005,0.0064,0.0,1
3.8523852825164795: 0.0005,-0.0021,0.0,1
3.871387243270874: 0.0005,0.0064,0.0,1
3.8813881874084473: 0.0005,-0.0021,0.0,1
3.909390926361084: 0.0005,0.0021,0.0,1
3.939393997192383: 0.0005,-0.0064,0.0,1
3.9593958854675293: 0.0005,0.0021,0.0,1
3.979398012161255: 0.0005,-0.0021,0.0,1
3.981398105621338: 0.0005,0.0021,0.0,1
4.0014002323150635: 0.0005,-0.0064,0.0,1
4.035403490066528: 0.0005,-0.0021,0.0,1
4.074407339096069: 0.0005,-0.0064,0.0,1
4.074407339096069: 0.0005,-0.0021,0.0,1
4.100409984588623: 0.0005,-0.0064,0.0,1
4.101410150527954: 0.0005,-0.0021,0.0,1
4.122412204742432: 0.0005,-0.0064,0.0,1
4.142414331436157: 0.0005,-0.0149,0.0,1
4.181418180465698: 0.0005,-0.0235,0.0,1
4.1894190311431885: 0.0005,-0.0277,0.0,1
4.220422029495239: 0.0005,-0.0192,0.0,1
4.22142219543457: 0.0005,0.0064,0.0,1
4.242424249649048: 0.0005,-0.0149,0.0,1
4.263426303863525: 0.0005,-0.0064,0.0,1
4.302430152893066: 0.0005,0.0021,0.0,1
4.3044304847717285: 0.0005,-0.0021,0.0,1
4.332433223724365: 0.0005,-0.0064,0.0,1
4.3424341678619385: 0.0005,0.0064,0.0,1
4.3804380893707275: 0.0005,0.0021,0.0,1
4.383438348770142: 0.0005,-0.0064,0.0,1
4.414441347122192: 0.0005,-0.0021,0.0,1
4.426442623138428: 0.0005,0.0021,0.0,1
4.446444511413574: 0.0005,0.0064,0.0,1
4.462446212768555: 0.0005,-0.0064,0.0,1
4.495449542999268: 0.0005,-0.0064,0.0,1
4.50445032119751: 0.0005,-0.0064,0.0,1
4.545454502105713: 0.0005,-0.0107,0.0,1
4.552455186843872: 0.0005,-0.0021,0.0,1
4.561456203460693: 0.0005,-0.0021,0.0,1
4.585458517074585: 0.0005,-0.0021,0.0,1
4.616461515426636: 0.0005,-0.0021,0.0,1
4.62746262550354: 0.0005,-0.0021,0.0,1
4.6454644203186035: 0.0005,0.0021,0.0,1
4.671467065811157: 0.0005,-0.0021,0.0,1
4.6814680099487305: 0.0005,-0.0064,0.0,1
4.707470655441284: 0.0005,-0.0021,0.0,1
4.739473819732666: 0.0005,-0.0064,0.0,1
4.748474836349487: 0.0005,-0.0107,0.0,1
4.786478519439697: 0.0005,0.0021,0.0,1
4.786478519439697: 0.0005,-0.0021,0.0,1
4.801480054855347: 0.0005,0.0021,0.0,1
4.822482109069824: 0.0005,0.0021,0.0,1
4.8694868087768555: 0.0005,0.0107,0.0,1
4.872487306594849: 0.0005,-0.0021,0.0,1
4.892489194869995: 0.0005,-0.0021,0.0,1
4.902490139007568: 0.0005,-0.0021,0.0,1
4.931493043899536: 0.0005,-0.0021,0.0,1
4.950495004653931: 0.0005,-0.0021,0.0,1
4.976497650146484: 0.0005,0.0021,0.0,1
4.991499185562134: 0.0005,-0.0064,0.0,1
5.00350022315979: 0.0005,-0.0021,0.0,1
5.0215020179748535: 0.0005,-0.0064,0.0,1
5.0585057735443115: 0.0005,-0.0021,0.0,1
5.0935094356536865: 0.0005,-0.0064,0.0,1
5.101510047912598: 0.0005,-0.0021,0.0,1
5.118511915206909: 0.0005,0.0064,0.0,1
5.121512174606323: 0.0005,-0.0021,0.0,1
5.142514228820801: 0.0005,-0.0107,0.0,1
5.1715171337127686: 0.0005,0.0021,0.0,1
5.186518669128418: 0.0005,-0.0021,0.0,1
5.2065205574035645: 0.0005,-0.0064,0.0,1
5.222522258758545: 0.0005,-0.0064,0.0,1
5.242524147033691: 0.0005,-0.0021,0.0,1
5.268526792526245: 0.0005,0.0021,0.0,1
5.291529178619385: 0.0005,-0.0021,0.0,1
5.315531492233276: 0.0005,-0.0021,0.0,1
5.331533193588257: 0.0005,-0.0021,0.0,1
5.34153413772583: 0.0005,-0.0064,0.0,1
5.37953782081604: 0.0005,-0.0107,0.0,1
5.3945393562316895: 0.0005,-0.0064,0.0,1
5.421542167663574: 0.0005,-0.0107,0.0,1
5.437543630599976: 0.0005,-0.0021,0.0,1
5.441544055938721: 0.0005,-0.0064,0.0,1
5.461546182632446: 0.0005,-0.0064,0.0,1
5.493549346923828: 0.0005,-0.0021,0.0,1
5.518551826477051: 0.0005,-0.0021,0.0,1
5.54855489730835: 0.0005,-0.0021,0.0,1
5.54855489730835: 0.0005,-0.0064,0.0,1
5.561556100845337: 0.0005,0.0021,0.0,1
5.5825581550598145: 0.0005,-0.0021,0.0,1
5.633563280105591: 0.0005,0.0064,0.0,1
5.64056396484375: 0.0005,0.0021,0.0,1
5.653565406799316: 0.0005,-0.0021,0.0,1
5.6615660190582275: 0.0005,-0.0021,0.0,1
5.689568996429443: 0.0005,-0.0021,0.0,1
5.705570459365845: 0.0005,-0.0021,0.0,1
5.722572326660156: 0.0005,-0.0064,0.0,1
5.762576341629028: 0.0005,0.0021,0.0,1
5.762576341629028: 0.0005,-0.0149,0.0,1
5.781578063964844: 0.0005,0.0021,0.0,1
5.8055806159973145: 0.0005,0.0021,0.0,1
5.822582244873047: 0.0005,-0.0021,0.0,1
5.8445844650268555: 0.0005,-0.0064,0.0,1
5.8855884075164795: 0.0005,0.0021,0.0,1
5.8855884075164795: 0.0005,-0.0021,0.0,1
5.90159010887146: 0.0005,-0.0021,0.0,1
5.9235923290252686: 0.0005,0.0021,0.0,1
5.973597288131714: 0.0005,-0.0021,0.0,1
5.979598045349121: 0.0005,-0.0021,0.0,1
5.988598823547363: 0.0005,0.0021,0.0,1
6.001600027084351: 0.0005,0.0021,0.0,1
6.029603004455566: 0.0005,-0.0021,0.0,1
6.04760479927063: 0.0005,0.0107,0.0,1
6.084608316421509: 0.0005,-0.0064,0.0,1
6.088608741760254: 0.0005,-0.0235,0.0,1
6.10161018371582: 0.0005,-0.0149,0.0,1
6.127612829208374: 0.0005,-0.0149,0.0,1
6.151615142822266: 0.0005,-0.0021,0.0,1
6.168616771697998: 0.0005,-0.0021,0.0,1
6.203620433807373: 0.0005,-0.0021,0.0,1
6.203620433807373: 0.0005,-0.0149,0.0,1
6.2226221561431885: 0.0005,-0.0021,0.0,1
6.242624282836914: 0.0005,-0.0021,0.0,1
6.266626596450806: 0.0005,0.0064,0.0,1
6.282628297805786: 0.0005,-0.0021,0.0,1
6.302630186080933: 0.0005,-0.0107,0.0,1
6.322632312774658: 0.0005,0.0021,0.0,1
6.342634201049805: 0.0005,-0.0107,0.0,1
6.36263632774353: 0.0005,0.0021,0.0,1
6.382638216018677: 0.0005,0.0021,0.0,1
6.402640342712402: 0.0005,0.0107,0.0,1
6.433643341064453: 0.0005,-0.0064,0.0,1
6.441644191741943: 0.0005,-0.0064,0.0,1
6.482648134231567: 0.0005,-0.0064,0.0,1
6.4856486320495605: 0.0005,0.0064,0.0,1
6.504650354385376: 0.0005,0.0064,0.0,1
6.532653331756592: 0.0005,-0.0021,0.0,1
6.5606560707092285: 0.0005,-0.0021,0.0,1
6.56165623664856: 0.0005,-0.0064,0.0,1
6.581658124923706: 0.0005,0.0064,0.0,1
6.60766077041626: 0.0005,0.0064,0.0,1
6.64566445350647: 0.0005,-0.0064,0.0,1
6.655665636062622: 0.0005,0.0021,0.0,1
6.688668727874756: 0.0005,0.0021,0.0,1
6.688668727874756: 0.0005,-0.0021,0.0,1
6.701670169830322: 0.0005,-0.0064,0.0,1
6.728672742843628: 0.0005,-0.0107,0.0,1
6.764676332473755: 0.0005,0.0021,0.0,1
6.772677183151245: 0.0005,-0.0021,0.0,1
6.792679309844971: 0.0005,-0.0064,0.0,1
6.801680088043213: 0.0005,-0.0021,0.0,1
6.8236823081970215: 0.0005,-0.0064,0.0,1
6.856685638427734: 0.0005,-0.0021,0.0,1
6.872687339782715: 0.0005,-0.0107,0.0,1
6.888688802719116: 0.0005,-0.0064,0.0,1
6.905690431594849: 0.0005,-0.0021,0.0,1
6.921692132949829: 0.0005,-0.0064,0.0,1
6.953695297241211: 0.0005,-0.0064,0.0,1
6.979697942733765: 0.0005,0.0064,0.0,1
7.000699996948242: 0.0005,0.0021,0.0,1
7.020702123641968: 0.0005,0.0021,0.0,1
7.02170205116272: 0.0005,-0.0064,0.0,1
7.041704177856445: 0.0005,0.0021,0.0,1
7.065706491470337: 0.0005,-0.0064,0.0,1
7.100709915161133: 0.0005,-0.0021,0.0,1
7.10671067237854: 0.0005,-0.0021,0.0,1
7.140713930130005: 0.0005,-0.0064,0.0,1
7.141714096069336: 0.0005,-0.0064,0.0,1
7.1617162227630615: 0.0005,-0.0021,0.0,1
7.189718961715698: 0.0005,-0.0064,0.0,1
7.220721960067749: 0.0005,-0.0021,0.0,1
7.223722219467163: 0.0005,-0.0021,0.0,1
7.262726306915283: 0.0005,-0.0021,0.0,1
7.263726234436035: 0.0005,0.0021,0.0,1
7.281728029251099: 0.0005,0.0064,0.0,1
7.302730321884155: 0.0005,0.0021,0.0,1
7.325732469558716: 0.0005,-0.0021,0.0,1
7.343734264373779: 0.0005,0.0021,0.0,1
7.379737854003906: 0.0005,-0.0107,0.0,1
7.381738185882568: 0.0005,0.0021,0.0,1
7.401740074157715: 0.0005,-0.0107,0.0,1
7.4257426261901855: 0.0005,-0.0021,0.0,1
7.465746641159058: 0.0005,0.0021,0.0,1
7.46674656867981: 0.0005,0.0021,0.0,1
7.505750417709351: 0.0005,-0.0064,0.0,1
7.505750417709351: 0.0005,0.0021,0.0,1
7.521752119064331: 0.0005,0.0021,0.0,1
7.545754432678223: 0.0005,-0.0021,0.0,1
7.5757575035095215: 0.0005,-0.0021,0.0,1
7.586758613586426: 0.0005,-0.0064,0.0,1
7.62076210975647: 0.0005,0.0021,0.0,1
7.621762037277222: 0.0005,-0.0021,0.0,1
7.641764163970947: 0.0005,0.0064,0.0,1
7.670767068862915: 0.0005,0.0021,0.0,1
7.698769807815552: 0.0005,-0.0021,0.0,1
7.706770658493042: 0.0005,0.0064,0.0,1
7.731773138046265: 0.0005,-0.0021,0.0,1
7.741774082183838: 0.0005,-0.0064,0.0,1
7.776777744293213: 0.0005,0.0021,0.0,1
7.7897789478302: 0.0005,0.0149,0.0,1
7.807780742645264: 0.0005,-0.0064,0.0,1
7.822782278060913: 0.0005,0.0064,0.0,1
7.844784498214722: 0.0005,-0.0021,0.0,1
7.861786127090454: 0.0005,-0.0021,0.0,1
7.893789291381836: 0.0005,-0.0021,0.0,1
7.9127912521362305: 0.0005,0.0021,0.0,1
7.945794582366943: 0.0005,-0.0021,0.0,1
7.945794582366943: 0.0005,0.0021,0.0,1
7.961796045303345: 0.0005,-0.0021,0.0,1
7.992799282073975: 0.0005,-0.0149,0.0,1
8.005800485610962: 0.0005,-0.0064,0.0,1
8.025802612304688: 0.0005,-0.0064,0.0,1
8.054805517196655: 0.0005,-0.0021,0.0,1
8.061806201934814: 0.0005,0.0021,0.0,1
8.085808515548706: 0.0005,-0.0021,0.0,1
8.106810569763184: 0.0005,-0.0021,0.0,1
8.129812955856323: 0.0005,-0.0021,0.0,1
8.154815435409546: 0.0005,-0.0107,0.0,1
8.161816120147705: 0.0005,-0.0021,0.0,1
8.186818599700928: 0.0005,-0.0064,0.0,1
8.205820560455322: 0.0005,-0.0021,0.0,1
8.233823299407959: 0.0005,0.0064,0.0,1
8.259825944900513: 0.0005,0.0021,0.0,1
8.261826038360596: 0.0005,0.0064,0.0,1
8.281828165054321: 0.0005,-0.0064,0.0,1
8.306830644607544: 0.0005,0.0064,0.0,1
8.323832273483276: 0.0005,-0.0021,0.0,1
8.355835437774658: 0.0005,-0.0064,0.0,1
8.385838508605957: 0.0005,-0.0021,0.0,1
8.385838508605957: 0.0005,-0.0064,0.0,1
8.401840209960938: 0.0005,-0.0064,0.0,1
8.423842430114746: 0.0005,0.0021,0.0,1
8.442844152450562: 0.0005,0.0021,0.0,1
8.47284722328186: 0.0005,-0.0021,0.0,1
8.482848167419434: 0.0005,0.0021,0.0,1
8.509850978851318: 0.0005,-0.0064,0.0,1
8.521852016448975: 0.0005,-0.0064,0.0,1
8.555855512619019: 0.0005,-0.0064,0.0,1
8.577857732772827: 0.0005,-0.0064,0.0,1
8.597859621047974: 0.0005,0.0021,0.0,1
8.60286021232605: 0.0005,0.0021,0.0,1
8.62586259841919: 0.0005,-0.0021,0.0,1
8.64186406135559: 0.0005,-0.0021,0.0,1
8.670866966247559: 0.0005,-0.0021,0.0,1
8.690869092941284: 0.0005,-0.0021,0.0,1
8.726872682571411: 0.0005,-0.0021,0.0,1
8.726872682571411: 0.0005,-0.0021,0.0,1
8.74187421798706: 0.0005,0.0021,0.0,1
8.764876365661621: 0.0005,-0.0021,0.0,1
8.796879529953003: 0.0005,-0.0021,0.0,1
8.805880546569824: 0.0005,0.0021,0.0,1
8.822882175445557: 0.0005,0.0021,0.0,1
8.851885080337524: 0.0005,-0.0021,0.0,1
8.861886024475098: 0.0005,-0.0021,0.0,1
8.890888929367065: 0.0005,-0.0107,0.0,1
8.90989089012146: 0.0005,-0.0021,0.0,1
8.923892259597778: 0.0005,-0.0064,0.0,1
8.961896181106567: 0.0005,0.0021,0.0,1
8.961896181106567: 0.0005,-0.0021,0.0,1
8.981898069381714: 0.0005,0.0021,0.0,1
9.023902416229248: 0.0005,-0.0107,0.0,1
9.027902841567993: 0.0005,0.0021,0.0,1
9.04890489578247: 0.0005,-0.0064,0.0,1
9.071907043457031: 0.0005,0.0021,0.0,1
9.081908226013184: 0.0005,-0.0107,0.0,1
9.118911743164062: 0.0005,-0.0064,0.0,1
9.127912759780884: 0.0005,0.0064,0.0,1
9.167916774749756: 0.0005,-0.0064,0.0,1
9.167916774749756: 0.0005,0.0021,0.0,1
9.195919513702393: 0.0005,-0.0021,0.0,1
9.20192003250122: 0.0005,-0.0021,0.0,1
9.222922325134277: 0.0005,-0.0192,0.0,1
9.248924732208252: 0.0005,-0.0064,0.0,1
9.266926527023315: 0.0005,-0.0064,0.0,1
9.282928228378296: 0.0005,-0.0021,0.0,1
9.302930116653442: 0.0005,-0.0107,0.0,1
9.321932077407837: 0.0005,0.0021,0.0,1
9.342934131622314: 0.0005,-0.0064,0.0,1
9.361936092376709: 0.0005,0.0021,0.0,1
9.382938146591187: 0.0005,-0.0107,0.0,1
9.402940273284912: 0.0005,0.0021,0.0,1
9.421942234039307: 0.0005,-0.0021,0.0,1
9.451945066452026: 0.0005,0.0021,0.0,1
9.491949081420898: 0.0005,-0.0064,0.0,1
9.503950357437134: 0.0005,0.0021,0.0,1
9.503950357437134: 0.0005,0.0021,0.0,1
9.521952152252197: 0.0005,-0.0107,0.0,1
9.547954797744751: 0.0005,0.0021,0.0,1
9.571957111358643: 0.0005,0.0064,0.0,1
9.601960182189941: 0.0005,-0.0107,0.0,1
9.614961385726929: 0.0005,-0.0021,0.0,1
9.621962070465088: 0.0005,-0.0064,0.0,1
9.652965307235718: 0.0005,-0.0021,0.0,1
9.67796778678894: 0.0005,0.0021,0.0,1
9.69296932220459: 0.0005,0.0021,0.0,1
9.711971044540405: 0.0005,0.0021,0.0,1
9.732973337173462: 0.0005,-0.0021,0.0,1
9.741974115371704: 0.0005,0.0064,0.0,1
9.762976169586182: 0.0005,-0.0064,0.0,1
9.793979406356812: 0.0005,-0.0064,0.0,1
9.813981294631958: 0.0005,-0.0064,0.0,1
9.821982145309448: 0.0005,0.0021,0.0,1
9.854985475540161: 0.0005,-0.0064,0.0,1
9.86198616027832: 0.0005,-0.0021,0.0,1
9.886988639831543: 0.0005,0.0021,0.0,1
9.91599154472351: 0.0005,0.0021,0.0,1
9.931993007659912: 0.0005,0.0021,0.0,1
9.955995559692383: 0.0005,-0.0064,0.0,1
9.961996078491211: 0.0005,0.0021,0.0,1
9.988998889923096: 0.0005,-0.0064,0.0,1
10.017001628875732: 0.0005,-0.0021,0.0,1
10.037003517150879: 0.0005,-0.0064,0.0,1
10.052005052566528: 0.0005,-0.0192,0.0,1
10.083008289337158: 0.0005,0.0021,0.0,1
10.083008289337158: 0.0005,0.0149,0.0,1
10.102010011672974: 0.0005,-0.0021,0.0,1
10.137013673782349: 0.0005,0.0021,0.0,1
10.156015634536743: 0.0005,-0.0064,0.0,1
10.178017616271973: 0.0005,-0.0107,0.0,1
10.194019317626953: 0.0005,-0.0021,0.0,1
10.202020168304443: 0.0005,-0.0064,0.0,1
10.231023073196411: 0.0005,0.0021,0.0,1
10.257025718688965: 0.0005,0.0064,0.0,1
10.27602744102478: 0.0005,0.0021,0.0,1
10.29202914237976: 0.0005,-0.0021,0.0,1
10.31403136253357: 0.0005,-0.0021,0.0,1
10.32203221321106: 0.0005,-0.0064,0.0,1
10.358035802841187: 0.0005,-0.0064,0.0,1
10.382038116455078: 0.0005,0.0064,0.0,1
10.388038635253906: 0.0005,-0.0021,0.0,1
10.41404128074646: 0.0005,-0.0149,0.0,1
10.42204213142395: 0.0005,0.0021,0.0,1
10.456045627593994: 0.0005,-0.0021,0.0,1
10.464046239852905: 0.0005,-0.0021,0.0,1
10.493049144744873: 0.0005,0.0021,0.0,1
10.50605058670044: 0.0005,0.0021,0.0,1
10.532053232192993: 0.0005,-0.0064,0.0,1
10.542054176330566: 0.0005,-0.0021,0.0,1
10.574057340621948: 0.0005,-0.0021,0.0,1
10.588058710098267: 0.0005,-0.0021,0.0,1
10.625062465667725: 0.0005,-0.0107,0.0,1
10.628062725067139: 0.0005,0.0021,0.0,1
10.655065536499023: 0.0005,-0.0064,0.0,1
10.662066221237183: 0.0005,-0.0021,0.0,1
10.688068628311157: 0.0005,-0.0064,0.0,1
10.707070589065552: 0.0005,-0.0021,0.0,1
10.732073068618774: 0.0005,-0.0064,0.0,1
10.747074604034424: 0.0005,-0.0064,0.0,1
10.777077674865723: 0.0005,-0.0021,0.0,1
10.78207802772522: 0.0005,-0.0021,0.0,1
10.82108211517334: 0.0005,-0.0107,0.0,1
10.823082208633423: 0.0005,0.0064,0.0,1
10.870086908340454: 0.0005,-0.0107,0.0,1
10.879087924957275: 0.0005,-0.0021,0.0,1
10.88208818435669: 0.0005,-0.0021,0.0,1
10.902090072631836: 0.0005,0.0021,0.0,1
10.932093143463135: 0.0005,0.0021,0.0,1
Simulator log terminated at 2015-06-18 12:41:08 UTC
